2.0
65585.0
551.0
468.0
356.0
238.0
133.0
56.0
19.0
24.0
71.0
149.0
251.0
358.0
455.0
532.0
577.0
578.0
531.0
423.0
41.0
128.0
500.0
445.0
88.0
182.0
518.0
430.0
77.0
164.0
514.0
458.0
91.0
139.0
495.0
491.0
91.0
112.0
467.0
462.0
140.0
233.0
576.0
431.0
40.0
148.0
551.0
498.0
86.0
139.0
529.0
501.0
88.0
121.0
502.0
516.0
108.0
172.0
554.0
425.0
44.0
144.0
529.0
449.0
53.0
122.0
505.0
458.0
55.0
109.0
496.0
453.0
43.0
108.0
532.0
501.0
54.0
52.0
379.0
575.0
186.0
85.0
376.0
547.0
192.0
110.0
460.0
506.0
120.0
168.0
529.0
470.0
70.0
119.0
507.0
497.0
84.0
79.0
403.0
584.0
186.0
68.0
364.0
593.0
220.0
78.0
360.0
571.0
217.0
76.0
348.0
580.0
245.0
72.0
339.0
585.0
239.0
28.0
313.0
621.0
290.0
46.0
293.0
589.0
270.0
20.0
288.0
634.0
339.0
13.0
228.0
560.0
349.0
88.0
293.0
608.0
367.0
52.0
240.0
591.0
416.0
60.0
227.0
598.0
422.0
33.0
172.0
563.0
417.0
64.0
198.0
588.0
449.0
42.0
143.0
524.0
476.0
116.0
246.0
563.0
387.0
68.0
222.0
589.0
390.0
32.0
194.0
628.0
549.0
233.0
544.0
661.0
612.0
175.0
157.0
425.0
350.0
240.0
467.0
557.0
176.0
102.0
494.0
580.0
159.0
122.0
505.0
546.0
143.0
186.0
561.0
483.0
82.0
144.0
540.0
534.0
137.0
228.0
571.0
445.0
95.0
217.0
605.0
467.0
73.0
195.0
593.0
492.0
71.0
162.0
601.0
538.0
112.0
244.0
620.0
441.0
68.0
232.0
634.0
482.0
113.0
310.0
615.0
349.0
98.0
320.0
636.0
362.0
16.0
216.0
624.0
419.0
49.0
198.0
577.0
446.0
83.0
200.0
546.0
430.0
102.0
310.0
613.0
353.0
53.0
258.0
602.0
387.0
67.0
253.0
600.0
403.0
55.0
238.0
604.0
432.0
74.0
211.0
560.0
461.0
119.0
291.0
595.0
368.0
59.0
264.0
626.0
402.0
42.0
204.0
592.0
437.0
70.0
201.0
568.0
458.0
91.0
201.0
552.0
451.0
108.0
282.0
591.0
372.0
69.0
258.0
608.0
397.0
45.0
211.0
587.0
429.0
79.0
208.0
540.0
445.0
115.0
324.0
632.0
354.0
22.0
268.0
656.0
422.0
54.0
216.0
586.0
419.0
62.0
204.0
575.0
442.0
60.0
174.0
568.0
454.0
73.0
179.0
557.0
477.0
92.0
169.0
537.0
485.0
90.0
152.0
527.0
496.0
157.0
339.0
661.0
645.0
495.0
537.0
452.0
99.0
7.0
189.0
639.0
545.0
65.0
55.0
411.0
634.0
219.0
80.0
386.0
621.0
245.0
57.0
347.0
641.0
303.0
74.0
339.0
621.0
283.0
61.0
343.0
645.0
320.0
60.0
314.0
639.0
338.0
56.0
289.0
624.0
368.0
92.0
308.0
622.0
368.0
61.0
274.0
653.0
434.0
77.0
243.0
607.0
435.0
107.0
349.0
653.0
354.0
60.0
294.0
620.0
352.0
43.0
235.0
608.0
418.0
69.0
223.0
569.0
374.0
54.0
235.0
597.0
405.0
56.0
208.0
577.0
431.0
54.0
186.0
552.0
428.0
98.0
228.0
577.0
442.0
58.0
170.0
564.0
483.0
67.0
147.0
547.0
499.0
68.0
122.0
540.0
543.0
96.0
92.0
419.0
591.0
195.0
111.0
495.0
531.0
139.0
195.0
544.0
461.0
87.0
170.0
547.0
487.0
60.0
118.0
547.0
532.0
69.0
56.0
410.0
636.0
223.0
70.0
362.0
588.0
239.0
121.0
461.0
555.0
154.0
146.0
520.0
518.0
124.0
201.0
562.0
449.0
60.0
176.0
615.0
500.0
66.0
166.0
569.0
516.0
96.0
147.0
546.0
507.0
101.0
206.0
566.0
431.0
74.0
209.0
587.0
450.0
36.0
154.0
567.0
482.0
90.0
166.0
541.0
475.0
89.0
159.0
552.0
514.0
104.0
243.0
659.0
641.0
480.0
617.0
607.0
111.0
0.0
154.0
591.0
505.0
80.0
159.0
566.0
516.0
81.0
112.0
524.0
555.0
130.0
193.0
570.0
470.0
79.0
183.0
582.0
485.0
69.0
161.0
576.0
520.0
74.0
126.0
562.0
560.0
112.0
202.0
604.0
479.0
72.0
186.0
589.0
503.0
95.0
178.0
596.0
533.0
93.0
172.0
583.0
538.0
110.0
257.0
645.0
468.0
64.0
189.0
604.0
488.0
66.0
168.0
571.0
503.0
75.0
136.0
523.0
447.0
130.0
289.0
590.0
390.0
53.0
217.0
584.0
444.0
72.0
191.0
563.0
446.0
64.0
179.0
579.0
502.0
70.0
125.0
523.0
504.0
136.0
253.0
589.0
415.0
65.0
215.0
585.0
441.0
72.0
186.0
564.0
469.0
60.0
168.0
591.0
503.0
65.0
127.0
543.0
527.0
94.0
116.0
521.0
539.0
98.0
103.0
515.0
531.0
103.0
189.0
586.0
485.0
62.0
126.0
530.0
516.0
110.0
217.0
581.0
427.0
58.0
184.0
579.0
473.0
82.0
194.0
585.0
488.0
91.0
176.0
570.0
511.0
93.0
150.0
545.0
509.0
72.0
116.0
530.0
530.0
92.0
96.0
430.0
613.0
183.0
90.0
417.0
599.0
190.0
85.0
409.0
606.0
225.0
88.0
373.0
604.0
274.0
168.0
607.0
660.0
623.0
503.0
383.0
201.0
75.0
273.0
622.0
488.0
39.0
84.0
444.0
640.0
216.0
51.0
370.0
628.0
262.0
81.0
364.0
615.0
259.0
62.0
348.0
631.0
304.0
71.0
333.0
619.0
304.0
71.0
322.0
