311.0
31.0
647.0
649.0
294.0
0.0
425.0
649.0
515.0
5.0
251.0
650.0
648.0
305.0
498.0
649.0
589.0
121.0
575.0
649.0
370.0
0.0
277.0
650.0
601.0
71.0
279.0
650.0
644.0
208.0
528.0
650.0
610.0
204.0
649.0
650.0
645.0
451.0
650.0
650.0
648.0
633.0
650.0
650.0
637.0
602.0
650.0
650.0
538.0
590.0
650.0
648.0
395.0
635.0
650.0
648.0
450.0
650.0
650.0
648.0
512.0
649.0
650.0
646.0
525.0
650.0
650.0
649.0
649.0
650.0
650.0
650.0
650.0
651.0
650.0
650.0
650.0
650.0
650.0
650.0
650.0
650.0
650.0
649.0
650.0
650.0
650.0
650.0
650.0
650.0
650.0
650.0
650.0
650.0
650.0
650.0
650.0
650.0
650.0
650.0
650.0
650.0
650.0
650.0
650.0
650.0
650.0
650.0
650.0
650.0
650.0
650.0
650.0
650.0
650.0
651.0
650.0
650.0
650.0
650.0
650.0
650.0
650.0
650.0
651.0
650.0
650.0
650.0
650.0
650.0
650.0
650.0
650.0
650.0
650.0
650.0
650.0
651.0
650.0
650.0
650.0
650.0
650.0
650.0
650.0
650.0
650.0
650.0
650.0
650.0
650.0
650.0
650.0
650.0
650.0
650.0
650.0
650.0
650.0
650.0
650.0
650.0
651.0
650.0
650.0
650.0
650.0
650.0
651.0
651.0
651.0
650.0
650.0
650.0
651.0
650.0
650.0
650.0
651.0
650.0
650.0
650.0
650.0
650.0
650.0
650.0
650.0
650.0
650.0
650.0
650.0
650.0
650.0
650.0
650.0
650.0
650.0
650.0
650.0
650.0
650.0
651.0
650.0
650.0
650.0
650.0
651.0
650.0
650.0
650.0
651.0
650.0
650.0
650.0
650.0
650.0
650.0
650.0
650.0
650.0
650.0
650.0
650.0
650.0
650.0
650.0
650.0
650.0
650.0
650.0
650.0
650.0
650.0
651.0
650.0
650.0
650.0
649.0
650.0
650.0
649.0
649.0
650.0
650.0
645.0
583.0
650.0
648.0
370.0
329.0
649.0
646.0
200.0
319.0
650.0
608.0
46.0
143.0
649.0
484.0
0.0
0.0
263.0
636.0
0.0
0.0
0.0
124.0
515.0
0.0
0.0
0.0
38.0
305.0
0.0
0.0
0.0
0.0
54.0
102.0
0.0
0.0
0.0
0.0
40.0
0.0
0.0
0.0
0.0
0.0
55.0
0.0
0.0
0.0
0.0
0.0
1.0
0.0
0.0
0.0
0.0
0.0
0.0
0.0
0.0
0.0
0.0
0.0
0.0
0.0
0.0
0.0
0.0
0.0
0.0
0.0
0.0
0.0
0.0
0.0
0.0
0.0
0.0
0.0
0.0
0.0
0.0
0.0
0.0
0.0
0.0
0.0
0.0
0.0
0.0
0.0
0.0
0.0
0.0
0.0
0.0
0.0
0.0
0.0
0.0
0.0
0.0
0.0
0.0
0.0
0.0
0.0
0.0
0.0
0.0
0.0
0.0
0.0
0.0
0.0
0.0
0.0
0.0
0.0
0.0
0.0
0.0
0.0
0.0
0.0
0.0
0.0
0.0
0.0
0.0
0.0
0.0
0.0
0.0
0.0
0.0
0.0
0.0
0.0
0.0
0.0
0.0
0.0
0.0
0.0
0.0
0.0
0.0
0.0
0.0
0.0
0.0
0.0
0.0
0.0
0.0
0.0
0.0
0.0
0.0
0.0
0.0
0.0
0.0
0.0
0.0
0.0
0.0
0.0
0.0
0.0
0.0
0.0
0.0
0.0
0.0
0.0
0.0
0.0
0.0
0.0
0.0
0.0
0.0
0.0
0.0
0.0
0.0
0.0
0.0
0.0
0.0
0.0
0.0
0.0
0.0
0.0
0.0
0.0
0.0
0.0
0.0
0.0
0.0
0.0
0.0
0.0
0.0
0.0
0.0
0.0
0.0
0.0
0.0
0.0
0.0
0.0
0.0
0.0
0.0
0.0
0.0
0.0
0.0
0.0
0.0
0.0
0.0
0.0
0.0
0.0
0.0
0.0
0.0
0.0
0.0
0.0
0.0
0.0
0.0
0.0
0.0
0.0
0.0
0.0
0.0
0.0
0.0
0.0
0.0
0.0
0.0
0.0
0.0
0.0
0.0
0.0
0.0
0.0
0.0
0.0
0.0
0.0
0.0
0.0
0.0
0.0
0.0
0.0
0.0
0.0
0.0
0.0
0.0
0.0
0.0
0.0
0.0
0.0
0.0
0.0
0.0
0.0
0.0
0.0
0.0
0.0
0.0
71.0
120.0
0.0
0.0
0.0
92.0
309.0
0.0
0.0
0.0
39.0
415.0
222.0
0.0
0.0
269.0
648.0
243.0
0.0
271.0
650.0
624.0
234.0
622.0
650.0
647.0
631.0
650.0
651.0
650.0
651.0
650.0
650.0
651.0
650.0
650.0
650.0
650.0
650.0
650.0
650.0
650.0
650.0
650.0
650.0
650.0
650.0
650.0
650.0
650.0
650.0
650.0
650.0
650.0
650.0
650.0
650.0
650.0
650.0
650.0
651.0
650.0
650.0
650.0
650.0
650.0
650.0
650.0
650.0
650.0
650.0
651.0
650.0
650.0
650.0
650.0
649.0
650.0
650.0
650.0
646.0
650.0
649.0
483.0
322.0
650.0
649.0
559.0
462.0
650.0
647.0
280.0
318.0
649.0
623.0
147.0
391.0
650.0
603.0
93.0
259.0
650.0
526.0
0.0
89.0
650.0
648.0
303.0
110.0
650.0
648.0
253.0
203.0
650.0
585.0
32.0
133.0
650.0
622.0
70.0
100.0
650.0
645.0
154.0
204.0
650.0
632.0
143.0
385.0
650.0
520.0
0.0
137.0
650.0
607.0
62.0
105.0
650.0
621.0
73.0
74.0
649.0
648.0
244.0
54.0
649.0
649.0
374.0
137.0
650.0
648.0
267.0
162.0
650.0
609.0
61.0
87.0
649.0
649.0
301.0
53.0
648.0
648.0
261.0
13.0
566.0
645.0
116.0
0.0
329.0
648.0
241.0
0.0
157.0
650.0
597.0
221.0
644.0
650.0
500.0
0.0
67.0
648.0
620.0
26.0
0.0
341.0
649.0
311.0
0.0
155.0
649.0
469.0
0.0
22.0
611.0
645.0
104.0
0.0
379.0
648.0
252.0
0.0
109.0
644.0
236.0
0.0
0.0
279.0
605.0
34.0
0.0
47.0
550.0
474.0
0.0
0.0
113.0
645.0
256.0
0.0
18.0
539.0
566.0
0.0
0.0
73.0
615.0
502.0
0.0
0.0
183.0
648.0
276.0
0.0
34.0
527.0
479.0
0.0
0.0
94.0
616.0
432.0
0.0
0.0
188.0
647.0
174.0
0.0
55.0
575.0
499.0
0.0
0.0
111.0
644.0
243.0
0.0
5.0
370.0
639.0
44.0
0.0
130.0
649.0
417.0
0.0
29.0
645.0
647.0
187.0
31.0
638.0
647.0
209.0
30.0
644.0
649.0
351.0
96.0
649.0
649.0
473.0
214.0
651.0
650.0
464.0
359.0
650.0
649.0
