326.0
452.0
218.0
106.0
367.0
475.0
232.0
164.0
424.0
438.0
199.0
195.0
449.0
432.0
204.0
239.0
492.0
410.0
218.0
320.0
514.0
378.0
180.0
356.0
516.0
305.0
150.0
340.0
501.0
290.0
164.0
395.0
474.0
219.0
181.0
434.0
486.0
228.0
209.0
462.0
403.0
155.0
247.0
489.0
362.0
182.0
427.0
643.0
637.0
540.0
462.0
354.0
149.0
120.0
442.0
540.0
239.0
119.0
372.0
479.0
242.0
187.0
428.0
416.0
191.0
226.0
444.0
389.0
183.0
244.0
451.0
370.0
185.0
300.0
512.0
350.0
144.0
317.0
519.0
314.0
131.0
366.0
503.0
259.0
215.0
485.0
496.0
212.0
192.0
507.0
522.0
226.0
242.0
494.0
448.0
215.0
311.0
538.0
416.0
181.0
328.0
517.0
349.0
176.0
357.0
513.0
294.0
139.0
338.0
476.0
299.0
200.0
401.0
421.0
199.0
234.0
486.0
440.0
169.0
208.0
451.0
403.0
192.0
273.0
460.0
339.0
152.0
301.0
510.0
342.0
159.0
327.0
451.0
273.0
171.0
394.0
469.0
219.0
180.0
427.0
465.0
188.0
170.0
457.0
435.0
164.0
206.0
456.0
385.0
141.0
265.0
480.0
331.0
127.0
311.0
509.0
281.0
107.0
321.0
502.0
278.0
140.0
367.0
459.0
215.0
171.0
406.0
442.0
191.0
184.0
446.0
429.0
159.0
205.0
486.0
391.0
133.0
265.0
499.0
361.0
140.0
300.0
493.0
294.0
125.0
332.0
481.0
281.0
168.0
384.0
477.0
243.0
171.0
438.0
501.0
219.0
178.0
433.0
415.0
155.0
214.0
460.0
396.0
154.0
256.0
473.0
321.0
125.0
302.0
498.0
319.0
114.0
316.0
508.0
289.0
132.0
355.0
483.0
279.0
290.0
633.0
641.0
621.0
483.0
372.0
229.0
118.0
306.0
542.0
359.0
96.0
212.0
504.0
412.0
140.0
242.0
476.0
355.0
178.0
317.0
477.0
321.0
146.0
319.0
449.0
295.0
190.0
377.0
452.0
244.0
169.0
439.0
482.0
222.0
194.0
453.0
429.0
185.0
266.0
524.0
402.0
170.0
271.0
506.0
380.0
166.0
311.0
546.0
354.0
161.0
402.0
542.0
299.0
139.0
429.0
535.0
221.0
154.0
458.0
512.0
163.0
149.0
464.0
455.0
171.0
187.0
467.0
404.0
147.0
252.0
482.0
335.0
135.0
274.0
439.0
294.0
158.0
362.0
476.0
253.0
136.0
364.0
493.0
259.0
201.0
466.0
460.0
189.0
227.0
490.0
469.0
171.0
237.0
527.0
431.0
191.0
300.0
513.0
375.0
164.0
383.0
576.0
357.0
179.0
406.0
517.0
274.0
202.0
473.0
544.0
252.0
185.0
477.0
507.0
206.0
221.0
509.0
482.0
191.0
261.0
509.0
388.0
222.0
349.0
523.0
355.0
178.0
369.0
523.0
305.0
168.0
391.0
508.0
273.0
211.0
459.0
504.0
259.0
228.0
484.0
489.0
239.0
272.0
508.0
445.0
171.0
251.0
490.0
425.0
173.0
290.0
495.0
353.0
167.0
357.0
483.0
291.0
187.0
399.0
484.0
228.0
160.0
431.0
477.0
237.0
245.0
541.0
589.0
424.0
576.0
657.0
581.0
127.0
119.0
484.0
465.0
186.0
276.0
496.0
360.0
173.0
341.0
500.0
300.0
162.0
392.0
495.0
263.0
178.0
432.0
479.0
239.0
206.0
459.0
465.0
189.0
237.0
518.0
445.0
185.0
268.0
511.0
416.0
190.0
313.0
512.0
344.0
171.0
403.0
557.0
309.0
176.0
444.0
557.0
296.0
192.0
455.0
536.0
252.0
222.0
478.0
473.0
192.0
222.0
484.0
431.0
169.0
250.0
494.0
362.0
122.0
289.0
510.0
310.0
115.0
331.0
485.0
268.0
130.0
360.0
469.0
251.0
148.0
379.0
448.0
215.0
202.0
451.0
408.0
160.0
215.0
460.0
374.0
146.0
259.0
489.0
348.0
136.0
298.0
491.0
307.0
138.0
334.0
484.0
259.0
154.0
388.0
468.0
225.0
181.0
433.0
455.0
193.0
199.0
457.0
427.0
158.0
199.0
464.0
406.0
168.0
266.0
479.0
344.0
136.0
311.0
516.0
337.0
128.0
314.0
491.0
291.0
149.0
366.0
472.0
228.0
183.0
426.0
439.0
190.0
190.0
451.0
420.0
167.0
243.0
468.0
371.0
148.0
287.0
492.0
322.0
119.0
320.0
519.0
335.0
176.0
359.0
505.0
293.0
197.0
417.0
492.0
254.0
184.0
432.0
447.0
204.0
235.0
483.0
412.0
150.0
236.0
485.0
364.0
162.0
299.0
513.0
340.0
128.0
297.0
492.0
324.0
157.0
335.0
478.0
294.0
224.0
525.0
654.0
583.0
565.0
560.0
295.0
45.0
155.0
523.0
520.0
184.0
150.0
445.0
449.0
193.0
222.0
458.0
397.0
162.0
270.0
491.0
356.0
155.0
314.0
491.0
307.0
160.0
368.0
487.0
261.0
159.0
401.0
486.0
243.0
196.0
459.0
478.0
218.0
216.0
474.0
440.0
194.0
256.0
499.0
410.0
166.0
298.0
538.0
398.0
184.0
342.0
508.0
350.0
206.0
389.0
496.0
246.0
146.0
409.0
484.0
222.0
153.0
423.0
450.0
177.0
177.0
444.0
429.0
155.0
206.0
454.0
371.0
151.0
280.0
499.0
335.0
136.0
304.0
471.0
278.0
141.0
357.0
453.0
210.0
141.0
428.0
512.0
207.0
149.0
427.0
448.0
178.0
193.0
453.0
400.0
148.0
247.0
493.0
371.0
139.0
290.0
496.0
