410.0
349.0
326.0
400.0
420.0
341.0
339.0
422.0
418.0
333.0
350.0
440.0
405.0
311.0
354.0
423.0
355.0
273.0
326.0
392.0
331.0
266.0
323.0
377.0
309.0
265.0
335.0
375.0
304.0
279.0
345.0
368.0
296.0
296.0
364.0
367.0
297.0
309.0
382.0
357.0
294.0
324.0
376.0
336.0
287.0
337.0
388.0
327.0
277.0
348.0
398.0
326.0
280.0
348.0
386.0
312.0
298.0
370.0
369.0
301.0
301.0
374.0
365.0
295.0
324.0
411.0
380.0
291.0
309.0
373.0
344.0
296.0
324.0
359.0
309.0
275.0
353.0
380.0
296.0
270.0
350.0
373.0
302.0
298.0
371.0
357.0
300.0
373.0
565.0
645.0
572.0
426.0
274.0
142.0
145.0
308.0
414.0
314.0
233.0
306.0
378.0
315.0
279.0
349.0
371.0
292.0
284.0
368.0
385.0
300.0
290.0
370.0
375.0
308.0
331.0
388.0
359.0
314.0
349.0
405.0
357.0
315.0
374.0
430.0
364.0
324.0
400.0
435.0
353.0
321.0
405.0
435.0
351.0
325.0
400.0
395.0
304.0
307.0
383.0
358.0
277.0
296.0
365.0
331.0
273.0
307.0
364.0
322.0
274.0
327.0
369.0
306.0
272.0
339.0
378.0
309.0
282.0
350.0
368.0
297.0
297.0
366.0
354.0
292.0
310.0
378.0
356.0
286.0
315.0
377.0
345.0
290.0
330.0
383.0
325.0
281.0
344.0
383.0
310.0
280.0
356.0
381.0
308.0
290.0
359.0
373.0
302.0
306.0
383.0
361.0
301.0
335.0
405.0
345.0
270.0
313.0
374.0
331.0
271.0
324.0
377.0
308.0
270.0
340.0
374.0
302.0
282.0
352.0
363.0
290.0
289.0
365.0
393.0
414.0
556.0
662.0
578.0
266.0
102.0
178.0
282.0
306.0
328.0
345.0
300.0
270.0
332.0
369.0
307.0
276.0
346.0
373.0
304.0
287.0
361.0
376.0
300.0
304.0
383.0
372.0
299.0
323.0
401.0
367.0
301.0
346.0
414.0
362.0
312.0
372.0
421.0
361.0
318.0
391.0
432.0
351.0
323.0
412.0
426.0
326.0
313.0
390.0
374.0
286.0
294.0
364.0
342.0
270.0
299.0
359.0
326.0
269.0
309.0
365.0
315.0
268.0
326.0
377.0
301.0
266.0
336.0
370.0
304.0
288.0
349.0
358.0
294.0
297.0
362.0
350.0
281.0
305.0
380.0
345.0
280.0
312.0
376.0
336.0
271.0
316.0
377.0
324.0
274.0
339.0
377.0
308.0
274.0
346.0
369.0
301.0
288.0
359.0
361.0
278.0
286.0
375.0
366.0
289.0
307.0
379.0
358.0
304.0
330.0
376.0
318.0
276.0
335.0
369.0
300.0
267.0
340.0
371.0
300.0
271.0
344.0
369.0
284.0
283.0
360.0
360.0
280.0
295.0
412.0
491.0
536.0
607.0
574.0
281.0
53.0
101.0
312.0
372.0
285.0
279.0
336.0
319.0
277.0
320.0
365.0
314.0
290.0
342.0
370.0
305.0
290.0
369.0
376.0
299.0
303.0
380.0
377.0
305.0
318.0
400.0
386.0
306.0
342.0
419.0
370.0
308.0
367.0
435.0
374.0
320.0
384.0
432.0
361.0
323.0
399.0
421.0
328.0
302.0
376.0
373.0
291.0
296.0
368.0
348.0
267.0
296.0
376.0
334.0
267.0
311.0
374.0
324.0
271.0
327.0
373.0
318.0
283.0
345.0
374.0
302.0
286.0
365.0
381.0
293.0
291.0
374.0
369.0
289.0
302.0
381.0
352.0
286.0
318.0
383.0
341.0
283.0
333.0
376.0
328.0
295.0
345.0
377.0
308.0
293.0
364.0
374.0
293.0
287.0
377.0
377.0
284.0
288.0
373.0
371.0
295.0
311.0
390.0
360.0
295.0
346.0
413.0
347.0
256.0
309.0
385.0
325.0
270.0
331.0
367.0
303.0
281.0
352.0
364.0
291.0
294.0
375.0
363.0
278.0
291.0
377.0
404.0
428.0
574.0
661.0
532.0
209.0
99.0
184.0
296.0
309.0
320.0
345.0
307.0
274.0
333.0
366.0
