319.0
423.0
337.0
245.0
340.0
421.0
326.0
259.0
360.0
415.0
307.0
270.0
385.0
401.0
276.0
278.0
410.0
393.0
268.0
288.0
412.0
365.0
257.0
316.0
420.0
350.0
251.0
329.0
419.0
329.0
242.0
336.0
418.0
318.0
253.0
366.0
411.0
299.0
266.0
387.0
396.0
276.0
280.0
408.0
396.0
267.0
290.0
411.0
365.0
256.0
313.0
420.0
360.0
260.0
331.0
419.0
334.0
259.0
355.0
433.0
336.0
287.0
394.0
426.0
307.0
291.0
418.0
428.0
293.0
285.0
406.0
393.0
266.0
298.0
421.0
371.0
257.0
317.0
419.0
349.0
253.0
344.0
429.0
332.0
257.0
362.0
424.0
311.0
272.0
382.0
415.0
325.0
370.0
580.0
681.0
656.0
544.0
349.0
175.0
185.0
356.0
496.0
393.0
243.0
317.0
430.0
353.0
258.0
354.0
435.0
331.0
266.0
373.0
427.0
319.0
284.0
391.0
420.0
303.0
291.0
422.0
413.0
290.0
309.0
432.0
404.0
286.0
325.0
443.0
388.0
284.0
355.0
452.0
374.0
286.0
379.0
461.0
357.0
297.0
421.0
471.0
342.0
308.0
434.0
448.0
317.0
304.0
424.0
412.0
285.0
300.0
407.0
367.0
258.0
309.0
406.0
325.0
240.0
339.0
421.0
316.0
239.0
346.0
415.0
300.0
246.0
365.0
408.0
287.0
256.0
382.0
393.0
277.0
284.0
399.0
377.0
263.0
295.0
411.0
369.0
260.0
318.0
422.0
341.0
254.0
351.0
432.0
328.0
253.0
356.0
424.0
314.0
262.0
378.0
416.0
294.0
266.0
389.0
400.0
278.0
283.0
404.0
366.0
245.0
304.0
426.0
362.0
245.0
309.0
427.0
358.0
239.0
310.0
407.0
309.0
259.0
378.0
416.0
294.0
247.0
374.0
413.0
305.0
272.0
353.0
337.0
268.0
349.0
444.0
357.0
245.0
317.0
440.0
317.0
201.0
336.0
466.0
335.0
212.0
341.0
422.0
310.0
258.0
339.0
371.0
218.0
248.0
443.0
465.0
276.0
246.0
459.0
458.0
257.0
283.0
420.0
373.0
243.0
329.0
445.0
275.0
167.0
329.0
464.0
343.0
192.0
257.0
425.0
350.0
265.0
375.0
434.0
329.0
304.0
414.0
379.0
276.0
313.0
449.0
455.0
434.0
606.0
684.0
640.0
308.0
137.0
311.0
410.0
369.0
386.0
412.0
324.0
274.0
411.0
454.0
324.0
269.0
404.0
456.0
316.0
282.0
416.0
459.0
322.0
301.0
427.0
416.0
309.0
363.0
471.0
395.0
277.0
342.0
485.0
422.0
299.0
380.0
493.0
416.0
307.0
395.0
483.0
389.0
317.0
442.0
502.0
380.0
320.0
470.0
514.0
330.0
328.0
509.0
499.0
332.0
311.0
417.0
391.0
303.0
361.0
472.0
392.0
262.0
340.0
466.0
368.0
245.0
346.0
416.0
271.0
276.0
412.0
446.0
290.0
264.0
425.0
428.0
283.0
264.0
405.0
410.0
249.0
270.0
441.0
419.0
248.0
272.0
418.0
361.0
235.0
302.0
454.0
344.0
243.0
342.0
414.0
297.0
238.0
382.0
432.0
284.0
230.0
387.0
413.0
270.0
247.0
386.0
365.0
230.0
299.0
428.0
367.0
230.0
296.0
408.0
319.0
213.0
323.0
413.0
295.0
219.0
349.0
393.0
274.0
220.0
330.0
382.0
278.0
251.0
379.0
387.0
224.0
237.0
415.0
389.0
222.0
241.0
364.0
329.0
262.0
309.0
367.0
286.0
252.0
368.0
428.0
288.0
221.0
362.0
418.0
312.0
264.0
361.0
379.0
261.0
254.0
400.0
391.0
230.0
240.0
385.0
362.0
243.0
275.0
393.0
343.0
226.0
298.0
416.0
311.0
237.0
344.0
415.0
299.0
241.0
385.0
485.0
429.0
523.0
687.0
679.0
342.0
75.0
224.0
448.0
346.0
256.0
382.0
399.0
298.0
281.0
406.0
373.0
256.0
303.0
420.0
358.0
251.0
358.0
434.0
334.0
244.0
365.0
448.0
344.0
243.0
365.0
441.0
309.0
272.0
422.0
449.0
294.0
273.0
426.0
427.0
297.0
327.0
445.0
398.0
286.0
367.0
485.0
368.0
259.0
387.0
507.0
385.0
270.0
365.0
438.0
345.0
276.0
385.0
408.0
285.0
271.0
420.0
408.0
229.0
240.0
419.0
402.0
261.0
265.0
403.0
380.0
260.0
320.0
426.0
348.0
220.0
320.0
454.0
354.0
241.0
332.0
416.0
287.0
252.0
423.0
462.0
290.0
224.0
404.0
414.0
264.0
298.0
428.0
397.0
263.0
295.0
429.0
400.0
273.0
313.0
428.0
349.0
256.0
377.0
474.0
329.0
220.0
354.0
463.0
362.0
270.0
356.0
403.0
322.0
298.0
413.0
434.0
300.0
298.0
424.0
413.0
285.0
327.0
448.0
373.0
253.0
358.0
481.0
357.0
240.0
357.0
474.0
379.0
292.0
392.0
458.0
330.0
276.0
422.0
477.0
336.0
299.0
450.0
465.0
326.0
346.0
502.0
467.0
331.0
369.0
479.0
410.0
306.0
380.0
494.0
404.0
282.0
392.0
506.0
414.0
314.0
412.0
487.0
390.0
339.0
454.0
471.0
341.0
359.0
497.0
474.0
330.0
388.0
581.0
592.0
544.0
682.0
683.0
679.0
432.0
257.0
404.0
471.0
412.0
493.0
553.0
432.0
344.0
479.0
541.0
424.0
379.0
513.0
565.0
420.0
395.0
538.0
542.0
419.0
448.0
580.0
535.0
377.0
453.0
622.0
537.0
387.0
487.0
636.0
510.0
