328.0
331.0
335.0
341.0
338.0
338.0
343.0
340.0
346.0
348.0
347.0
349.0
354.0
350.0
355.0
360.0
364.0
365.0
367.0
367.0
370.0
362.0
360.0
373.0
372.0
367.0
362.0
351.0
352.0
359.0
341.0
331.0
327.0
330.0
325.0
322.0
328.0
322.0
323.0
323.0
322.0
319.0
319.0
322.0
326.0
325.0
330.0
328.0
327.0
329.0
328.0
336.0
326.0
324.0
327.0
343.0
332.0
329.0
339.0
334.0
325.0
331.0
331.0
336.0
335.0
332.0
330.0
325.0
334.0
341.0
328.0
328.0
331.0
330.0
323.0
329.0
342.0
334.0
331.0
330.0
326.0
328.0
330.0
333.0
332.0
335.0
327.0
323.0
329.0
339.0
330.0
328.0
339.0
331.0
332.0
335.0
330.0
332.0
340.0
343.0
348.0
335.0
336.0
329.0
331.0
324.0
323.0
324.0
325.0
331.0
332.0
335.0
324.0
329.0
329.0
339.0
335.0
329.0
326.0
334.0
412.0
531.0
641.0
644.0
436.0
187.0
148.0
273.0
369.0
346.0
302.0
306.0
327.0
337.0
326.0
328.0
330.0
335.0
336.0
333.0
330.0
322.0
335.0
338.0
333.0
325.0
339.0
358.0
350.0
346.0
352.0
356.0
365.0
357.0
366.0
361.0
358.0
365.0
384.0
373.0
352.0
368.0
390.0
365.0
337.0
358.0
381.0
385.0
357.0
334.0
321.0
330.0
354.0
345.0
317.0
313.0
322.0
325.0
329.0
333.0
325.0
310.0
294.0
322.0
359.0
354.0
322.0
296.0
316.0
354.0
344.0
323.0
331.0
338.0
340.0
305.0
306.0
352.0
373.0
342.0
326.0
329.0
326.0
357.0
355.0
338.0
323.0
328.0
329.0
358.0
339.0
316.0
336.0
350.0
338.0
331.0
321.0
326.0
352.0
362.0
332.0
333.0
343.0
333.0
344.0
344.0
326.0
326.0
344.0
320.0
325.0
361.0
383.0
349.0
325.0
327.0
339.0
331.0
327.0
316.0
319.0
345.0
354.0
329.0
320.0
337.0
353.0
345.0
325.0
319.0
337.0
338.0
331.0
351.0
417.0
509.0
627.0
653.0
467.0
214.0
158.0
269.0
343.0
335.0
330.0
323.0
324.0
328.0
326.0
325.0
332.0
329.0
333.0
332.0
326.0
329.0
344.0
344.0
inf
328.0
331.0
335.0
327.0
328.0
329.0
330.0
332.0
333.0
332.0
330.0
327.0
322.0
321.0
322.0
326.0
326.0
336.0
336.0
327.0
326.0
324.0
334.0
328.0
325.0
326.0
330.0
328.0
326.0
325.0
325.0
342.0
334.0
330.0
334.0
335.0
348.0
355.0
344.0
321.0
313.0
320.0
323.0
312.0
310.0
317.0
322.0
321.0
317.0
321.0
329.0
328.0
325.0
324.0
322.0
315.0
316.0
355.0
436.0
560.0
667.0
588.0
333.0
130.0
167.0
319.0
380.0
334.0
291.0
299.0
325.0
332.0
320.0
322.0
324.0
322.0
333.0
337.0
341.0
328.0
333.0
342.0
342.0
333.0
350.0
348.0
338.0
340.0
347.0
355.0
359.0
350.0
349.0
354.0
357.0
361.0
368.0
371.0
372.0
365.0
362.0
361.0
366.0
364.0
351.0
354.0
344.0
337.0
326.0
317.0
322.0
331.0
324.0
317.0
316.0
317.0
315.0
309.0
316.0
321.0
320.0
313.0
314.0
323.0
323.0
319.0
322.0
328.0
327.0
327.0
326.0
324.0
328.0
331.0
328.0
324.0
329.0
337.0
328.0
327.0
326.0
326.0
333.0
329.0
328.0
324.0
337.0
331.0
329.0
327.0
329.0
329.0
327.0
328.0
330.0
325.0
322.0
331.0
336.0
331.0
324.0
323.0
331.0
335.0
322.0
326.0
340.0
332.0
321.0
322.0
336.0
339.0
336.0
334.0
337.0
351.0
353.0
343.0
317.0
315.0
327.0
327.0
320.0
314.0
316.0
320.0
324.0
330.0
328.0
327.0
326.0
323.0
326.0
328.0
316.0
324.0
391.0
504.0
621.0
658.0
496.0
220.0
119.0
224.0
357.0
366.0
314.0
291.0
302.0
323.0
332.0
323.0
323.0
325.0
325.0
323.0
335.0
330.0
327.0
331.0
336.0
335.0
335.0
349.0
349.0
342.0
336.0
344.0
348.0
348.0
354.0
360.0
356.0
355.0
366.0
372.0
363.0
363.0
364.0
366.0
364.0
358.0
357.0
352.0
343.0
340.0
341.0
328.0
321.0
320.0
317.0
318.0
320.0
326.0
323.0
320.0
316.0
317.0
317.0
317.0
316.0
321.0
322.0
316.0
315.0
322.0
329.0
327.0
329.0
327.0
325.0
324.0
326.0
325.0
326.0
330.0
326.0
325.0
326.0
327.0
336.0
330.0
323.0
320.0
335.0
332.0
330.0
330.0
325.0
332.0
332.0
336.0
328.0
325.0
327.0
331.0
333.0
325.0
324.0
327.0
338.0
328.0
327.0
329.0
336.0
329.0
328.0
328.0
333.0
327.0
330.0
347.0
341.0
342.0
344.0
334.0
325.0
331.0
330.0
329.0
317.0
312.0
317.0
317.0
322.0
328.0
324.0
320.0
323.0
327.0
331.0
332.0
319.0
321.0
349.0
436.0
562.0
640.0
599.0
346.0
140.0
161.0
315.0
382.0
341.0
292.0
299.0
326.0
328.0
320.0
320.0
340.0
334.0
328.0
328.0
