326.0
326.0
325.0
322.0
320.0
318.0
317.0
317.0
317.0
317.0
317.0
316.0
316.0
316.0
317.0
318.0
320.0
322.0
329.0
330.0
324.0
324.0
332.0
345.0
345.0
329.0
313.0
310.0
315.0
318.0
307.0
306.0
311.0
308.0
316.0
316.0
312.0
310.0
311.0
316.0
320.0
314.0
298.0
311.0
357.0
434.0
553.0
649.0
646.0
511.0
248.0
144.0
244.0
365.0
371.0
317.0
295.0
316.0
334.0
330.0
322.0
325.0
326.0
320.0
321.0
328.0
330.0
326.0
327.0
329.0
333.0
338.0
341.0
341.0
341.0
345.0
349.0
351.0
348.0
356.0
366.0
365.0
364.0
372.0
377.0
381.0
386.0
395.0
397.0
388.0
392.0
399.0
394.0
386.0
373.0
356.0
346.0
339.0
331.0
319.0
312.0
309.0
310.0
304.0
297.0
298.0
302.0
302.0
301.0
306.0
303.0
302.0
306.0
310.0
310.0
308.0
307.0
307.0
307.0
312.0
313.0
313.0
312.0
312.0
311.0
309.0
311.0
313.0
314.0
315.0
315.0
315.0
320.0
320.0
314.0
306.0
313.0
315.0
317.0
317.0
314.0
310.0
312.0
318.0
313.0
305.0
311.0
321.0
323.0
321.0
317.0
322.0
328.0
335.0
332.0
321.0
312.0
310.0
313.0
310.0
302.0
306.0
311.0
310.0
304.0
310.0
315.0
316.0
315.0
315.0
316.0
315.0
308.0
314.0
350.0
437.0
570.0
649.0
636.0
464.0
224.0
166.0
265.0
338.0
345.0
320.0
306.0
314.0
323.0
321.0
316.0
316.0
322.0
325.0
321.0
318.0
320.0
327.0
329.0
329.0
327.0
330.0
337.0
338.0
337.0
338.0
339.0
343.0
349.0
354.0
361.0
364.0
365.0
371.0
377.0
380.0
381.0
388.0
388.0
383.0
384.0
385.0
379.0
374.0
369.0
357.0
339.0
331.0
328.0
324.0
319.0
307.0
302.0
305.0
309.0
309.0
302.0
299.0
308.0
311.0
309.0
306.0
306.0
311.0
313.0
316.0
316.0
315.0
317.0
316.0
316.0
318.0
321.0
322.0
321.0
316.0
317.0
322.0
317.0
314.0
319.0
323.0
321.0
319.0
318.0
317.0
318.0
316.0
314.0
317.0
317.0
317.0
315.0
320.0
325.0
323.0
317.0
318.0
315.0
317.0
325.0
326.0
324.0
326.0
332.0
346.0
352.0
336.0
314.0
308.0
318.0
325.0
319.0
306.0
305.0
313.0
317.0
316.0
314.0
307.0
309.0
319.0
325.0
322.0
313.0
307.0
326.0
385.0
511.0
645.0
649.0
595.0
338.0
140.0
183.0
335.0
390.0
346.0
300.0
301.0
324.0
331.0
318.0
311.0
315.0
326.0
325.0
320.0
320.0
324.0
326.0
326.0
328.0
335.0
338.0
336.0
337.0
342.0
343.0
345.0
345.0
349.0
359.0
363.0
367.0
372.0
372.0
377.0
384.0
387.0
389.0
388.0
385.0
387.0
390.0
388.0
379.0
359.0
345.0
340.0
333.0
322.0
311.0
307.0
310.0
310.0
307.0
304.0
306.0
307.0
304.0
304.0
302.0
309.0
314.0
311.0
305.0
303.0
309.0
316.0
314.0
310.0
312.0
312.0
314.0
316.0
312.0
313.0
312.0
309.0
311.0
317.0
313.0
312.0
314.0
315.0
312.0
313.0
316.0
313.0
305.0
309.0
313.0
315.0
311.0
309.0
315.0
316.0
314.0
315.0
317.0
316.0
311.0
311.0
317.0
325.0
323.0
327.0
333.0
334.0
341.0
344.0
335.0
317.0
311.0
312.0
314.0
315.0
308.0
308.0
311.0
313.0
313.0
313.0
310.0
314.0
317.0
318.0
313.0
306.0
312.0
342.0
416.0
544.0
649.0
648.0
541.0
270.0
135.0
223.0
361.0
382.0
332.0
304.0
316.0
328.0
325.0
320.0
319.0
322.0
326.0
329.0
330.0
329.0
330.0
331.0
332.0
332.0
338.0
343.0
343.0
343.0
346.0
347.0
351.0
359.0
364.0
362.0
366.0
373.0
381.0
381.0
383.0
394.0
400.0
395.0
393.0
400.0
404.0
399.0
387.0
375.0
370.0
362.0
346.0
329.0
322.0
318.0
316.0
309.0
307.0
306.0
307.0
309.0
310.0
309.0
309.0
309.0
311.0
314.0
318.0
315.0
309.0
311.0
314.0
314.0
319.0
320.0
320.0
320.0
315.0
313.0
316.0
317.0
318.0
317.0
317.0
316.0
311.0
316.0
320.0
317.0
316.0
320.0
320.0
314.0
312.0
318.0
320.0
320.0
323.0
317.0
311.0
317.0
322.0
322.0
317.0
315.0
320.0
321.0
321.0
320.0
317.0
327.0
339.0
348.0
342.0
323.0
310.0
314.0
322.0
317.0
302.0
303.0
312.0
311.0
312.0
311.0
308.0
308.0
314.0
321.0
322.0
317.0
314.0
313.0
339.0
421.0
562.0
649.0
646.0
506.0
242.0
140.0
243.0
367.0
378.0
324.0
297.0
308.0
327.0
333.0
323.0
321.0
327.0
328.0
323.0
325.0
326.0
331.0
329.0
329.0
333.0
334.0
337.0
340.0
341.0
341.0
343.0
345.0
354.0
362.0
362.0
361.0
365.0
375.0
381.0
381.0
382.0
383.0
392.0
398.0
398.0
396.0
387.0
386.0
378.0
366.0
353.0
333.0
326.0
326.0
319.0
310.0
307.0
307.0
309.0
308.0
309.0
307.0
302.0
296.0
304.0
308.0
306.0
306.0
307.0
312.0
315.0
314.0
316.0
314.0
312.0
313.0
311.0
310.0
315.0
314.0
316.0
313.0
313.0
319.0
318.0
316.0
315.0
315.0
319.0
317.0
311.0
310.0
311.0
314.0
318.0
318.0
316.0
312.0
316.0
318.0
308.0
312.0
318.0
317.0
319.0
316.0
319.0
322.0
320.0
315.0
321.0
340.0
348.0
342.0
328.0
312.0
310.0
315.0
314.0
307.0
306.0
312.0
315.0
316.0
313.0
317.0
316.0
307.0
310.0
317.0
323.0
316.0
316.0
337.0
412.0
546.0
649.0
648.0
545.0
280.0
143.0
221.0
358.0
385.0
331.0
301.0
313.0
324.0
330.0
330.0
321.0
318.0
325.0
328.0
327.0
325.0
329.0
332.0
329.0
326.0
334.0
340.0
338.0
338.0
340.0
345.0
356.0
364.0
363.0
356.0
362.0
376.0
382.0
389.0
390.0
386.0
388.0
394.0
399.0
403.0
400.0
394.0
390.0
379.0
364.0
350.0
339.0
333.0
326.0
321.0
308.0
301.0
307.0
314.0
310.0
301.0
298.0
304.0
308.0
305.0
311.0
309.0
302.0
306.0
308.0
314.0
317.0
313.0
312.0
316.0
322.0
320.0
314.0
315.0
318.0
317.0
316.0
313.0
319.0
318.0
317.0
320.0
317.0
314.0
314.0
318.0
322.0
318.0
315.0
316.0
316.0
315.0
308.0
311.0
317.0
316.0
314.0
312.0
315.0
313.0
315.0
319.0
318.0
320.0
322.0
322.0
328.0
344.0
347.0
324.0
305.0
307.0
317.0
320.0
311.0
301.0
303.0
310.0
314.0
311.0
308.0
308.0
314.0
316.0
316.0
316.0
310.0
307.0
326.0
386.0
507.0
642.0
649.0
584.0
327.0
144.0
189.0
331.0
386.0
340.0
292.0
298.0
325.0
325.0
315.0
316.0
322.0
324.0
321.0
321.0
325.0
327.0
328.0
329.0
331.0
333.0
334.0
339.0
344.0
345.0
349.0
349.0
358.0
359.0
357.0
361.0
369.0
371.0
369.0
374.0
