353.0
216.0
294.0
408.0
306.0
186.0
321.0
442.0
290.0
176.0
328.0
416.0
294.0
231.0
369.0
383.0
232.0
218.0
397.0
392.0
268.0
334.0
551.0
640.0
612.0
621.0
514.0
196.0
74.0
256.0
498.0
403.0
199.0
276.0
423.0
332.0
199.0
312.0
430.0
313.0
206.0
355.0
427.0
277.0
205.0
386.0
431.0
274.0
223.0
375.0
399.0
270.0
276.0
418.0
377.0
233.0
291.0
429.0
351.0
233.0
331.0
454.0
348.0
220.0
335.0
429.0
315.0
245.0
389.0
438.0
288.0
243.0
398.0
417.0
269.0
269.0
415.0
384.0
238.0
290.0
434.0
362.0
206.0
288.0
416.0
337.0
226.0
319.0
410.0
287.0
202.0
353.0
420.0
274.0
222.0
395.0
424.0
252.0
238.0
423.0
421.0
246.0
264.0
429.0
383.0
230.0
293.0
435.0
359.0
219.0
311.0
442.0
347.0
226.0
347.0
434.0
305.0
228.0
370.0
429.0
285.0
229.0
368.0
401.0
279.0
278.0
418.0
364.0
222.0
286.0
429.0
356.0
234.0
313.0
442.0
351.0
220.0
327.0
444.0
320.0
215.0
358.0
437.0
277.0
207.0
391.0
441.0
266.0
236.0
408.0
416.0
247.0
265.0
419.0
386.0
233.0
288.0
435.0
361.0
220.0
322.0
455.0
355.0
224.0
345.0
464.0
345.0
244.0
386.0
472.0
325.0
240.0
379.0
409.0
267.0
259.0
410.0
384.0
246.0
275.0
422.0
357.0
230.0
317.0
445.0
350.0
218.0
333.0
435.0
316.0
234.0
362.0
440.0
356.0
377.0
650.0
671.0
663.0
463.0
256.0
214.0
243.0
349.0
463.0
372.0
218.0
285.0
434.0
358.0
216.0
311.0
435.0
323.0
205.0
337.0
450.0
343.0
242.0
343.0
380.0
278.0
246.0
400.0
420.0
262.0
254.0
429.0
412.0
243.0
265.0
443.0
400.0
257.0
328.0
423.0
340.0
219.0
353.0
478.0
336.0
203.0
353.0
457.0
325.0
252.0
390.0
414.0
275.0
260.0
425.0
420.0
267.0
256.0
408.0
372.0
225.0
279.0
437.0
352.0
203.0
307.0
453.0
340.0
198.0
326.0
456.0
343.0
196.0
319.0
429.0
317.0
250.0
381.0
401.0
262.0
243.0
412.0
408.0
243.0
275.0
432.0
374.0
218.0
299.0
448.0
366.0
221.0
317.0
438.0
322.0
214.0
357.0
433.0
301.0
234.0
375.0
432.0
286.0
231.0
387.0
391.0
242.0
266.0
429.0
398.0
238.0
256.0
406.0
358.0
227.0
315.0
442.0
335.0
193.0
318.0
438.0
333.0
214.0
350.0
433.0
288.0
211.0
372.0
411.0
255.0
245.0
425.0
409.0
240.0
258.0
421.0
375.0
227.0
285.0
448.0
386.0
239.0
325.0
434.0
356.0
250.0
359.0
461.0
342.0
234.0
364.0
420.0
277.0
221.0
383.0
412.0
254.0
241.0
410.0
399.0
235.0
271.0
433.0
368.0
219.0
298.0
443.0
335.0
188.0
328.0
474.0
383.0
370.0
624.0
671.0
661.0
463.0
259.0
210.0
244.0
339.0
457.0
378.0
221.0
253.0
424.0
405.0
237.0
257.0
424.0
349.0
198.0
305.0
437.0
338.0
221.0
344.0
415.0
295.0
233.0
377.0
427.0
287.0
236.0
389.0
423.0
285.0
264.0
404.0
383.0
233.0
293.0
453.0
378.0
237.0
306.0
432.0
346.0
228.0
339.0
450.0
337.0
236.0
351.0
433.0
333.0
232.0
357.0
412.0
282.0
253.0
407.0
388.0
220.0
236.0
417.0
375.0
202.0
264.0
430.0
356.0
204.0
306.0
437.0
324.0
234.0
367.0
422.0
276.0
219.0
398.0
422.0
257.0
218.0
395.0
426.0
278.0
246.0
392.0
392.0
262.0
294.0
432.0
363.0
210.0
307.0
454.0
358.0
217.0
331.0
431.0
290.0
203.0
365.0
431.0
288.0
219.0
379.0
418.0
267.0
233.0
412.0
415.0
254.0
267.0
400.0
368.0
248.0
296.0
422.0
338.0
203.0
297.0
431.0
349.0
232.0
333.0
421.0
311.0
228.0
370.0
424.0
295.0
229.0
384.0
406.0
262.0
253.0
411.0
412.0
248.0
263.0
412.0
371.0
215.0
300.0
451.0
353.0
222.0
336.0
468.0
343.0
239.0
381.0
467.0
331.0
243.0
374.0
417.0
271.0
241.0
391.0
389.0
244.0
260.0
421.0
379.0
217.0
271.0
421.0
363.0
231.0
308.0
429.0
325.0
216.0
345.0
451.0
379.0
407.0
666.0
671.0
642.0
389.0
227.0
238.0
261.0
325.0
440.0
375.0
221.0
253.0
403.0
358.0
230.0
290.0
418.0
331.0
196.0
315.0
458.0
336.0
215.0
329.0
428.0
298.0
214.0
371.0
405.0
270.0
248.0
390.0
406.0
285.0
278.0
415.0
384.0
233.0
280.0
442.0
384.0
237.0
327.0
436.0
336.0
231.0
338.0
436.0
338.0
230.0
358.0
439.0
317.0
226.0
383.0
423.0
256.0
225.0
396.0
403.0
241.0
238.0
411.0
364.0
216.0
260.0
405.0
344.0
219.0
321.0
411.0
313.0
215.0
350.0
419.0
285.0
211.0
366.0
424.0
281.0
223.0
358.0
389.0
254.0
254.0
417.0
389.0
234.0
256.0
419.0
375.0
223.0
306.0
443.0
314.0
193.0
325.0
431.0
307.0
215.0
347.0
413.0
286.0
210.0
371.0
396.0
252.0
251.0
409.0
385.0
232.0
275.0
415.0
364.0
222.0
299.0
463.0
355.0
195.0
289.0
415.0
