14.0
352.0
661.0
340.0
80.0
373.0
656.0
296.0
64.0
386.0
661.0
289.0
5.0
223.0
662.0
477.0
53.0
202.0
660.0
495.0
27.0
184.0
659.0
503.0
33.0
151.0
649.0
535.0
61.0
163.0
653.0
545.0
65.0
135.0
609.0
554.0
103.0
221.0
659.0
477.0
60.0
222.0
661.0
490.0
25.0
205.0
662.0
519.0
40.0
134.0
607.0
537.0
36.0
76.0
448.0
567.0
63.0
9.0
220.0
532.0
206.0
0.0
0.0
34.0
84.0
0.0
0.0
0.0
0.0
0.0
0.0
0.0
0.0
0.0
0.0
0.0
0.0
0.0
0.0
0.0
0.0
0.0
0.0
0.0
0.0
0.0
0.0
0.0
0.0
0.0
0.0
0.0
0.0
0.0
0.0
0.0
0.0
0.0
0.0
0.0
0.0
0.0
0.0
0.0
0.0
0.0
0.0
0.0
0.0
0.0
0.0
0.0
0.0
0.0
0.0
0.0
0.0
0.0
0.0
0.0
0.0
0.0
0.0
0.0
0.0
0.0
0.0
0.0
0.0
0.0
0.0
0.0
0.0
0.0
0.0
0.0
0.0
0.0
0.0
0.0
0.0
0.0
0.0
0.0
0.0
0.0
0.0
0.0
0.0
0.0
0.0
0.0
0.0
0.0
0.0
0.0
0.0
0.0
0.0
0.0
0.0
0.0
0.0
0.0
0.0
0.0
0.0
0.0
0.0
0.0
0.0
0.0
0.0
0.0
0.0
0.0
0.0
0.0
0.0
0.0
0.0
0.0
0.0
0.0
0.0
0.0
0.0
0.0
0.0
0.0
0.0
0.0
0.0
0.0
0.0
0.0
0.0
0.0
0.0
0.0
0.0
0.0
0.0
0.0
0.0
0.0
0.0
0.0
0.0
0.0
0.0
0.0
0.0
0.0
0.0
0.0
0.0
0.0
0.0
0.0
0.0
0.0
0.0
0.0
0.0
0.0
0.0
0.0
0.0
0.0
0.0
0.0
0.0
0.0
0.0
0.0
0.0
0.0
0.0
0.0
0.0
0.0
0.0
0.0
0.0
0.0
0.0
0.0
0.0
0.0
0.0
0.0
0.0
0.0
0.0
0.0
0.0
0.0
0.0
0.0
0.0
0.0
0.0
0.0
0.0
0.0
0.0
0.0
0.0
0.0
0.0
0.0
0.0
0.0
0.0
0.0
0.0
0.0
0.0
5.0
79.0
153.0
12.0
0.0
17.0
170.0
243.0
17.0
0.0
65.0
252.0
252.0
44.0
96.0
295.0
326.0
74.0
41.0
253.0
429.0
181.0
69.0
300.0
505.0
246.0
89.0
262.0
496.0
341.0
177.0
389.0
514.0
241.0
177.0
470.0
528.0
218.0
222.0
532.0
525.0
203.0
263.0
571.0
525.0
223.0
349.0
613.0
465.0
203.0
436.0
661.0
468.0
258.0
521.0
662.0
554.0
547.0
664.0
663.0
644.0
400.0
415.0
552.0
478.0
523.0
661.0
571.0
345.0
513.0
662.0
592.0
384.0
540.0
662.0
588.0
434.0
598.0
661.0
562.0
450.0
659.0
661.0
561.0
504.0
662.0
659.0
523.0
570.0
662.0
660.0
587.0
627.0
662.0
652.0
574.0
661.0
662.0
659.0
652.0
662.0
662.0
659.0
661.0
663.0
663.0
661.0
663.0
663.0
663.0
662.0
663.0
663.0
663.0
662.0
663.0
663.0
663.0
663.0
663.0
664.0
663.0
663.0
664.0
664.0
663.0
664.0
664.0
664.0
663.0
664.0
664.0
664.0
664.0
664.0
665.0
664.0
664.0
664.0
664.0
664.0
664.0
664.0
664.0
664.0
664.0
664.0
664.0
664.0
664.0
664.0
664.0
664.0
664.0
664.0
664.0
664.0
664.0
664.0
664.0
664.0
664.0
664.0
664.0
664.0
665.0
664.0
665.0
664.0
664.0
664.0
664.0
664.0
664.0
664.0
664.0
664.0
664.0
664.0
664.0
664.0
664.0
664.0
664.0
664.0
665.0
664.0
664.0
664.0
664.0
664.0
664.0
665.0
664.0
664.0
664.0
664.0
664.0
664.0
664.0
664.0
664.0
664.0
664.0
664.0
664.0
664.0
664.0
664.0
664.0
664.0
664.0
664.0
664.0
664.0
664.0
664.0
664.0
664.0
664.0
664.0
664.0
664.0
664.0
664.0
664.0
664.0
664.0
664.0
664.0
664.0
665.0
664.0
664.0
664.0
664.0
664.0
664.0
664.0
664.0
664.0
664.0
664.0
664.0
664.0
664.0
664.0
664.0
664.0
664.0
664.0
664.0
664.0
664.0
664.0
664.0
664.0
665.0
665.0
664.0
664.0
665.0
664.0
665.0
664.0
664.0
664.0
664.0
664.0
664.0
664.0
664.0
664.0
664.0
664.0
664.0
664.0
664.0
664.0
664.0
664.0
664.0
664.0
664.0
664.0
664.0
664.0
664.0
664.0
664.0
664.0
664.0
664.0
664.0
663.0
664.0
664.0
664.0
663.0
664.0
664.0
664.0
663.0
664.0
664.0
663.0
663.0
663.0
663.0
663.0
662.0
663.0
663.0
663.0
662.0
663.0
663.0
662.0
661.0
662.0
662.0
661.0
661.0
662.0
662.0
658.0
659.0
663.0
662.0
644.0
637.0
662.0
659.0
586.0
627.0
662.0
660.0
582.0
615.0
661.0
634.0
501.0
634.0
662.0
634.0
502.0
620.0
661.0
569.0
459.0
660.0
661.0
552.0
465.0
646.0
658.0
490.0
482.0
661.0
634.0
408.0
460.0
662.0
627.0
415.0
500.0
662.0
574.0
367.0
509.0
662.0
545.0
368.0
569.0
659.0
416.0
291.0
570.0
652.0
370.0
300.0
588.0
607.0
265.0
296.0
613.0
535.0
179.0
274.0
568.0
447.0
152.0
302.0
558.0
388.0
160.0
400.0
660.0
532.0
459.0
660.0
558.0
35.0
0.0
119.0
453.0
429.0
174.0
242.0
424.0
301.0
137.0
314.0
456.0
222.0
79.0
270.0
457.0
227.0
74.0
231.0
423.0
229.0
65.0
222.0
405.0
226.0
74.0
211.0
394.0
249.0
