378.0
317.0
180.0
267.0
431.0
334.0
150.0
271.0
473.0
371.0
192.0
297.0
431.0
315.0
224.0
346.0
404.0
269.0
230.0
371.0
380.0
210.0
212.0
382.0
393.0
251.0
249.0
383.0
362.0
212.0
276.0
432.0
325.0
213.0
304.0
409.0
323.0
258.0
387.0
491.0
436.0
484.0
671.0
665.0
331.0
70.0
198.0
403.0
345.0
293.0
393.0
402.0
253.0
212.0
370.0
425.0
284.0
271.0
401.0
367.0
234.0
283.0
433.0
381.0
261.0
317.0
429.0
339.0
223.0
343.0
430.0
303.0
239.0
363.0
414.0
294.0
272.0
403.0
416.0
267.0
244.0
411.0
442.0
279.0
250.0
405.0
405.0
296.0
317.0
412.0
351.0
243.0
348.0
474.0
329.0
157.0
288.0
428.0
316.0
210.0
306.0
351.0
247.0
225.0
360.0
362.0
205.0
192.0
346.0
356.0
235.0
253.0
383.0
326.0
187.0
261.0
401.0
320.0
185.0
245.0
359.0
309.0
238.0
321.0
361.0
237.0
210.0
375.0
424.0
237.0
178.0
331.0
397.0
260.0
220.0
342.0
373.0
251.0
249.0
371.0
306.0
216.0
303.0
398.0
295.0
200.0
329.0
412.0
281.0
195.0
334.0
369.0
258.0
243.0
376.0
372.0
218.0
215.0
403.0
432.0
255.0
242.0
400.0
368.0
219.0
282.0
434.0
394.0
239.0
265.0
405.0
340.0
230.0
314.0
426.0
301.0
195.0
347.0
439.0
301.0
220.0
357.0
408.0
258.0
225.0
388.0
408.0
235.0
246.0
390.0
380.0
268.0
354.0
574.0
614.0
577.0
618.0
513.0
160.0
27.0
224.0
502.0
420.0
225.0
293.0
424.0
324.0
211.0
346.0
440.0
323.0
247.0
373.0
415.0
286.0
249.0
405.0
424.0
256.0
268.0
460.0
418.0
263.0
310.0
453.0
389.0
253.0
331.0
454.0
384.0
282.0
371.0
460.0
342.0
254.0
407.0
493.0
358.0
292.0
440.0
497.0
344.0
309.0
458.0
457.0
312.0
327.0
475.0
423.0
263.0
319.0
457.0
405.0
261.0
338.0
445.0
342.0
234.0
373.0
472.0
311.0
221.0
401.0
471.0
308.0
218.0
388.0
428.0
282.0
268.0
423.0
413.0
280.0
298.0
432.0
392.0
258.0
327.0
473.0
381.0
239.0
336.0
464.0
373.0
256.0
358.0
449.0
329.0
250.0
386.0
453.0
314.0
254.0
410.0
434.0
271.0
281.0
448.0
408.0
234.0
283.0
440.0
400.0
250.0
310.0
476.0
389.0
229.0
337.0
460.0
332.0
242.0
355.0
452.0
328.0
261.0
391.0
436.0
288.0
282.0
447.0
421.0
278.0
326.0
463.0
412.0
269.0
318.0
441.0
370.0
223.0
315.0
462.0
358.0
226.0
341.0
462.0
329.0
206.0
324.0
456.0
343.0
278.0
401.0
440.0
283.0
271.0
426.0
424.0
296.0
357.0
630.0
669.0
606.0
537.0
367.0
169.0
167.0
402.0
530.0
352.0
192.0
382.0
493.0
308.0
187.0
430.0
516.0
291.0
180.0
408.0
507.0
280.0
224.0
414.0
455.0
282.0
288.0
425.0
394.0
268.0
334.0
453.0
370.0
233.0
329.0
482.0
373.0
261.0
387.0
461.0
325.0
255.0
410.0
459.0
319.0
278.0
412.0
434.0
288.0
293.0
464.0
437.0
254.0
269.0
441.0
405.0
244.0
281.0
423.0
345.0
221.0
307.0
407.0
297.0
210.0
330.0
410.0
280.0
213.0
347.0
415.0
258.0
219.0
382.0
413.0
231.0
217.0
397.0
399.0
235.0
231.0
420.0
383.0
226.0
281.0
412.0
326.0
223.0
329.0
415.0
285.0
185.0
340.0
427.0
296.0
238.0
363.0
397.0
248.0
230.0
406.0
409.0
239.0
229.0
379.0
351.0
225.0
295.0
404.0
335.0
206.0
298.0
444.0
332.0
191.0
321.0
443.0
312.0
192.0
332.0
423.0
295.0
228.0
355.0
385.0
257.0
256.0
416.0
395.0
242.0
266.0
426.0
371.0
212.0
292.0
431.0
339.0
214.0
342.0
458.0
313.0
219.0
395.0
462.0
306.0
210.0
363.0
452.0
312.0
223.0
362.0
405.0
268.0
248.0
404.0
400.0
248.0
253.0
371.0
334.0
283.0
364.0
440.0
316.0
201.0
307.0
446.0
343.0
239.0
360.0
447.0
357.0
428.0
671.0
671.0
519.0
203.0
199.0
323.0
299.0
314.0
421.0
375.0
249.0
296.0
424.0
357.0
215.0
315.0
460.0
359.0
202.0
309.0
438.0
334.0
233.0
365.0
453.0
294.0
226.0
389.0
436.0
288.0
258.0
421.0
421.0
249.0
271.0
433.0
412.0
277.0
326.0
456.0
374.0
249.0
335.0
476.0
393.0
269.0
361.0
467.0
369.0
274.0
383.0
454.0
313.0
252.0
400.0
435.0
278.0
245.0
408.0
408.0
250.0
262.0
412.0
370.0
222.0
277.0
444.0
358.0
212.0
327.0
446.0
322.0
229.0
362.0
434.0
285.0
218.0
385.0
439.0
292.0
247.0
393.0
419.0
264.0
254.0
411.0
412.0
245.0
266.0
434.0
361.0
236.0
331.0
449.0
340.0
224.0
336.0
449.0
323.0
233.0
356.0
433.0
293.0
232.0
390.0
439.0
285.0
248.0
390.0
401.0
273.0
280.0
414.0
376.0
232.0
294.0
446.0
361.0
212.0
305.0
441.0
349.0
239.0
340.0
432.0
310.0
224.0
363.0
425.0
279.0
248.0
417.0
443.0
269.0
256.0
411.0
443.0
290.0
279.0
426.0
401.0
261.0
298.0
438.0
352.0
