374.0
263.0
294.0
391.0
358.0
286.0
341.0
389.0
320.0
275.0
361.0
412.0
336.0
318.0
399.0
407.0
313.0
317.0
410.0
397.0
294.0
308.0
398.0
345.0
255.0
360.0
433.0
329.0
246.0
345.0
439.0
335.0
262.0
348.0
392.0
308.0
270.0
375.0
386.0
304.0
314.0
383.0
369.0
330.0
446.0
640.0
648.0
644.0
561.0
336.0
177.0
221.0
399.0
442.0
321.0
265.0
357.0
386.0
305.0
265.0
385.0
413.0
266.0
256.0
400.0
404.0
286.0
285.0
410.0
381.0
256.0
308.0
401.0
367.0
295.0
358.0
412.0
322.0
258.0
344.0
424.0
346.0
301.0
381.0
412.0
320.0
296.0
404.0
424.0
337.0
331.0
418.0
426.0
329.0
346.0
439.0
398.0
289.0
338.0
426.0
377.0
296.0
344.0
408.0
308.0
234.0
342.0
428.0
333.0
255.0
328.0
378.0
300.0
288.0
390.0
380.0
261.0
292.0
405.0
372.0
268.0
305.0
412.0
363.0
272.0
320.0
391.0
352.0
301.0
350.0
386.0
318.0
292.0
384.0
404.0
295.0
281.0
396.0
411.0
306.0
298.0
391.0
374.0
276.0
340.0
441.0
385.0
279.0
318.0
391.0
345.0
306.0
364.0
408.0
357.0
302.0
357.0
388.0
328.0
320.0
395.0
406.0
307.0
290.0
411.0
434.0
318.0
320.0
420.0
389.0
301.0
356.0
436.0
374.0
286.0
365.0
449.0
382.0
312.0
397.0
447.0
362.0
329.0
418.0
443.0
347.0
333.0
441.0
422.0
346.0
398.0
483.0
445.0
351.0
376.0
470.0
412.0
324.0
390.0
456.0
376.0
330.0
426.0
457.0
363.0
325.0
441.0
475.0
384.0
366.0
440.0
433.0
367.0
397.0
486.0
446.0
348.0
421.0
580.0
632.0
649.0
651.0
650.0
537.0
265.0
351.0
528.0
488.0
384.0
421.0
488.0
418.0
387.0
485.0
486.0
371.0
370.0
495.0
522.0
403.0
398.0
491.0
469.0
380.0
452.0
546.0
460.0
361.0
447.0
550.0
459.0
375.0
457.0
535.0
472.0
404.0
488.0
542.0
437.0
407.0
540.0
548.0
425.0
433.0
546.0
530.0
414.0
467.0
580.0
524.0
409.0
484.0
569.0
489.0
398.0
472.0
542.0
445.0
377.0
478.0
519.0
408.0
374.0
491.0
513.0
392.0
404.0
517.0
495.0
370.0
397.0
513.0
478.0
367.0
414.0
528.0
472.0
393.0
459.0
538.0
445.0
347.0
461.0
534.0
436.0
394.0
492.0
509.0
396.0
394.0
513.0
510.0
385.0
400.0
523.0
495.0
377.0
426.0
529.0
470.0
372.0
435.0
515.0
442.0
371.0
461.0
518.0
408.0
360.0
477.0
519.0
389.0
363.0
485.0
516.0
391.0
361.0
464.0
453.0
364.0
427.0
530.0
457.0
332.0
401.0
509.0
424.0
361.0
455.0
507.0
401.0
326.0
451.0
522.0
411.0
374.0
492.0
493.0
356.0
375.0
503.0
502.0
367.0
360.0
452.0
419.0
348.0
415.0
481.0
387.0
308.0
404.0
467.0
377.0
330.0
422.0
456.0
362.0
315.0
410.0
452.0
353.0
327.0
442.0
492.0
481.0
609.0
652.0
651.0
623.0
416.0
265.0
278.0
373.0
471.0
477.0
369.0
318.0
418.0
445.0
356.0
338.0
430.0
428.0
324.0
332.0
440.0
402.0
300.0
345.0
461.0
427.0
288.0
335.0
447.0
407.0
306.0
352.0
447.0
371.0
303.0
391.0
449.0
358.0
307.0
398.0
436.0
341.0
342.0
425.0
438.0
330.0
342.0
433.0
411.0
325.0
365.0
454.0
391.0
282.0
341.0
437.0
363.0
266.0
340.0
380.0
293.0
256.0
359.0
410.0
282.0
230.0
345.0
383.0
285.0
278.0
363.0
340.0
251.0
294.0
389.0
328.0
229.0
286.0
367.0
310.0
231.0
329.0
415.0
282.0
224.0
360.0
376.0
267.0
258.0
363.0
357.0
229.0
251.0
367.0
373.0
257.0
262.0
370.0
326.0
228.0
286.0
376.0
312.0
225.0
303.0
352.0
279.0
262.0
330.0
359.0
255.0
235.0
345.0
348.0
244.0
237.0
346.0
352.0
248.0
256.0
361.0
337.0
244.0
288.0
374.0
308.0
187.0
259.0
383.0
318.0
219.0
272.0
338.0
286.0
224.0
297.0
338.0
251.0
218.0
328.0
323.0
220.0
257.0
356.0
303.0
196.0
262.0
421.0
418.0
384.0
565.0
651.0
602.0
260.0
105.0
251.0
298.0
280.0
334.0
352.0
263.0
245.0
335.0
333.0
228.0
225.0
349.0
349.0
232.0
242.0
346.0
341.0
246.0
255.0
334.0
287.0
197.0
314.0
411.0
284.0
207.0
316.0
371.0
276.0
233.0
335.0
337.0
254.0
266.0
369.0
365.0
253.0
260.0
360.0
349.0
275.0
278.0
356.0
336.0
276.0
330.0
401.0
319.0
210.0
285.0
382.0
282.0
220.0
297.0
310.0
217.0
212.0
335.0
355.0
212.0
201.0
338.0
332.0
221.0
225.0
288.0
267.0
178.0
269.0
346.0
301.0
203.0
320.0
391.0
240.0
173.0
287.0
350.0
236.0
194.0
302.0
323.0
243.0
259.0
332.0
312.0
202.0
234.0
346.0
300.0
210.0
251.0
329.0
269.0
198.0
258.0
331.0
266.0
208.0
292.0
329.0
224.0
202.0
322.0
327.0
222.0
217.0
314.0
333.0
229.0
220.0
327.0
307.0
209.0
241.0
338.0
310.0
228.0
288.0
354.0
288.0
225.0
294.0
371.0
284.0
211.0
297.0
334.0
260.0
222.0
305.0
322.0
