279.0
534.0
354.0
115.0
321.0
548.0
314.0
101.0
356.0
533.0
267.0
135.0
426.0
501.0
215.0
148.0
452.0
498.0
187.0
195.0
490.0
437.0
152.0
228.0
510.0
404.0
132.0
276.0
519.0
348.0
121.0
327.0
534.0
302.0
121.0
373.0
531.0
268.0
136.0
416.0
516.0
217.0
171.0
464.0
499.0
214.0
230.0
509.0
461.0
178.0
262.0
519.0
397.0
145.0
303.0
536.0
342.0
116.0
340.0
547.0
304.0
117.0
372.0
525.0
261.0
144.0
418.0
501.0
215.0
183.0
472.0
470.0
163.0
229.0
579.0
592.0
392.0
598.0
648.0
584.0
158.0
188.0
486.0
402.0
178.0
354.0
519.0
290.0
132.0
390.0
523.0
256.0
144.0
438.0
512.0
214.0
175.0
466.0
467.0
181.0
229.0
518.0
427.0
144.0
252.0
523.0
402.0
148.0
314.0
549.0
348.0
148.0
366.0
542.0
316.0
160.0
413.0
541.0
267.0
186.0
474.0
526.0
233.0
218.0
516.0
501.0
200.0
237.0
543.0
459.0
165.0
267.0
525.0
384.0
122.0
291.0
516.0
320.0
120.0
343.0
517.0
269.0
131.0
407.0
494.0
220.0
133.0
428.0
473.0
180.0
176.0
489.0
460.0
146.0
192.0
497.0
423.0
126.0
242.0
520.0
369.0
127.0
309.0
533.0
319.0
119.0
351.0
520.0
264.0
138.0
416.0
526.0
217.0
147.0
447.0
479.0
181.0
178.0
489.0
442.0
149.0
226.0
500.0
392.0
124.0
266.0
526.0
365.0
102.0
302.0
538.0
324.0
120.0
362.0
524.0
246.0
133.0
413.0
524.0
216.0
147.0
444.0
496.0
177.0
170.0
469.0
449.0
161.0
221.0
504.0
421.0
133.0
268.0
542.0
357.0
119.0
292.0
547.0
349.0
154.0
379.0
536.0
285.0
166.0
428.0
502.0
206.0
162.0
454.0
480.0
179.0
197.0
489.0
432.0
141.0
239.0
520.0
395.0
119.0
280.0
539.0
356.0
130.0
333.0
542.0
297.0
138.0
430.0
595.0
365.0
335.0
646.0
665.0
593.0
294.0
293.0
359.0
210.0
288.0
515.0
404.0
128.0
255.0
507.0
389.0
160.0
332.0
545.0
330.0
106.0
354.0
569.0
307.0
135.0
404.0
541.0
263.0
139.0
411.0
522.0
250.0
204.0
477.0
514.0
198.0
196.0
536.0
467.0
175.0
287.0
574.0
425.0
157.0
337.0
551.0
370.0
185.0
402.0
572.0
324.0
159.0
417.0
576.0
293.0
150.0
452.0
547.0
237.0
175.0
447.0
453.0
179.0
228.0
490.0
408.0
126.0
239.0
530.0
418.0
141.0
282.0
517.0
353.0
159.0
356.0
495.0
288.0
191.0
430.0
519.0
231.0
165.0
457.0
497.0
200.0
191.0
509.0
484.0
168.0
223.0
509.0
456.0
155.0
259.0
561.0
422.0
166.0
312.0
537.0
332.0
149.0
390.0
543.0
283.0
153.0
420.0
511.0
269.0
207.0
467.0
497.0
205.0
200.0
513.0
474.0
193.0
260.0
526.0
408.0
163.0
315.0
556.0
395.0
149.0
349.0
540.0
344.0
142.0
372.0
573.0
331.0
172.0
408.0
526.0
267.0
193.0
451.0
490.0
218.0
218.0
532.0
496.0
199.0
273.0
558.0
445.0
205.0
345.0
580.0
398.0
142.0
356.0
616.0
402.0
159.0
367.0
539.0
304.0
177.0
434.0
494.0
237.0
220.0
492.0
503.0
196.0
203.0
513.0
487.0
178.0
250.0
523.0
417.0
133.0
313.0
654.0
517.0
354.0
662.0
659.0
625.0
291.0
283.0
429.0
307.0
256.0
457.0
478.0
223.0
212.0
457.0
468.0
214.0
246.0
508.0
448.0
171.0
257.0
528.0
417.0
152.0
299.0
559.0
364.0
155.0
360.0
528.0
301.0
180.0
431.0
549.0
281.0
156.0
420.0
567.0
274.0
197.0
472.0
496.0
206.0
272.0
544.0
472.0
195.0
264.0
532.0
461.0
197.0
343.0
551.0
387.0
172.0
353.0
521.0
302.0
138.0
377.0
503.0
245.0
131.0
390.0
528.0
242.0
