470.0
209.0
135.0
260.0
378.0
381.0
314.0
301.0
335.0
345.0
336.0
323.0
337.0
339.0
340.0
344.0
339.0
337.0
346.0
345.0
347.0
348.0
351.0
349.0
350.0
357.0
353.0
358.0
360.0
359.0
367.0
370.0
372.0
373.0
375.0
384.0
379.0
379.0
379.0
380.0
379.0
376.0
379.0
375.0
364.0
357.0
352.0
344.0
332.0
328.0
332.0
329.0
320.0
322.0
323.0
327.0
320.0
323.0
322.0
324.0
322.0
325.0
328.0
327.0
339.0
333.0
329.0
325.0
328.0
335.0
336.0
329.0
325.0
334.0
340.0
332.0
331.0
341.0
342.0
330.0
325.0
334.0
350.0
334.0
325.0
326.0
333.0
341.0
335.0
329.0
329.0
336.0
333.0
336.0
332.0
344.0
337.0
336.0
332.0
344.0
337.0
335.0
330.0
332.0
348.0
341.0
333.0
327.0
336.0
343.0
356.0
348.0
341.0
330.0
329.0
337.0
342.0
329.0
320.0
323.0
330.0
331.0
331.0
328.0
330.0
335.0
333.0
341.0
325.0
321.0
341.0
391.0
501.0
630.0
667.0
547.0
281.0
131.0
206.0
330.0
356.0
326.0
308.0
321.0
336.0
339.0
332.0
329.0
332.0
336.0
345.0
343.0
339.0
344.0
342.0
346.0
342.0
347.0
353.0
351.0
349.0
361.0
361.0
356.0
353.0
365.0
374.0
373.0
369.0
368.0
387.0
381.0
370.0
377.0
391.0
379.0
373.0
374.0
374.0
367.0
366.0
357.0
354.0
345.0
336.0
332.0
332.0
331.0
339.0
327.0
327.0
325.0
331.0
344.0
338.0
329.0
330.0
342.0
337.0
333.0
338.0
346.0
341.0
336.0
342.0
343.0
344.0
341.0
343.0
347.0
341.0
349.0
346.0
345.0
337.0
345.0
350.0
354.0
338.0
339.0
350.0
346.0
352.0
340.0
340.0
348.0
346.0
344.0
342.0
354.0
344.0
345.0
346.0
344.0
345.0
342.0
342.0
342.0
357.0
345.0
351.0
346.0
351.0
350.0
344.0
344.0
347.0
356.0
355.0
352.0
354.0
345.0
342.0
343.0
352.0
334.0
325.0
336.0
346.0
339.0
337.0
348.0
338.0
342.0
346.0
341.0
334.0
339.0
382.0
477.0
619.0
672.0
637.0
393.0
150.0
155.0
329.0
410.0
365.0
302.0
307.0
341.0
350.0
344.0
333.0
337.0
345.0
345.0
342.0
345.0
345.0
346.0
352.0
353.0
347.0
352.0
361.0
363.0
360.0
359.0
361.0
370.0
373.0
367.0
369.0
376.0
387.0
378.0
382.0
381.0
380.0
393.0
397.0
383.0
379.0
377.0
374.0
366.0
356.0
353.0
350.0
341.0
334.0
331.0
324.0
324.0
341.0
335.0
326.0
319.0
331.0
335.0
331.0
326.0
334.0
336.0
338.0
338.0
338.0
338.0
338.0
337.0
339.0
341.0
342.0
340.0
343.0
339.0
337.0
341.0
344.0
342.0
340.0
343.0
340.0
339.0
348.0
340.0
340.0
336.0
336.0
338.0
343.0
344.0
334.0
336.0
336.0
335.0
339.0
338.0
336.0
346.0
342.0
338.0
346.0
342.0
353.0
355.0
364.0
358.0
356.0
342.0
323.0
330.0
339.0
330.0
329.0
327.0
332.0
333.0
330.0
324.0
327.0
345.0
339.0
333.0
328.0
325.0
349.0
398.0
529.0
638.0
668.0
548.0
250.0
111.0
210.0
363.0
388.0
324.0
294.0
318.0
349.0
337.0
327.0
324.0
335.0
348.0
336.0
338.0
337.0
347.0
341.0
339.0
352.0
350.0
349.0
347.0
353.0
357.0
358.0
362.0
365.0
363.0
375.0
379.0
373.0
373.0
374.0
390.0
377.0
381.0
387.0
389.0
379.0
381.0
375.0
369.0
359.0
353.0
349.0
342.0
339.0
324.0
323.0
326.0
328.0
331.0
330.0
335.0
329.0
329.0
324.0
326.0
329.0
339.0
336.0
332.0
333.0
332.0
344.0
337.0
335.0
336.0
337.0
338.0
332.0
333.0
345.0
343.0
330.0
336.0
349.0
342.0
336.0
334.0
344.0
340.0
335.0
341.0
343.0
335.0
333.0
338.0
337.0
348.0
350.0
346.0
348.0
349.0
367.0
370.0
339.0
332.0
334.0
335.0
322.0
326.0
331.0
344.0
333.0
329.0
324.0
323.0
336.0
341.0
335.0
337.0
329.0
327.0
359.0
426.0
544.0
654.0
661.0
491.0
205.0
122.0
249.0
382.0
378.0
324.0
300.0
319.0
349.0
339.0
332.0
330.0
331.0
344.0
344.0
344.0
341.0
346.0
351.0
345.0
353.0
351.0
352.0
350.0
363.0
362.0
366.0
366.0
366.0
365.0
367.0
373.0
377.0
374.0
375.0
384.0
382.0
387.0
376.0
380.0
380.0
372.0
371.0
365.0
365.0
352.0
342.0
339.0
334.0
331.0
323.0
324.0
328.0
332.0
334.0
323.0
326.0
326.0
334.0
333.0
330.0
342.0
334.0
332.0
334.0
332.0
339.0
340.0
337.0
336.0
336.0
344.0
342.0
337.0
340.0
342.0
343.0
336.0
345.0
342.0
341.0
340.0
338.0
337.0
340.0
347.0
338.0
332.0
335.0
337.0
347.0
339.0
338.0
344.0
346.0
343.0
352.0
363.0
364.0
343.0
326.0
331.0
334.0
326.0
324.0
328.0
333.0
331.0
330.0
325.0
328.0
337.0
340.0
334.0
329.0
325.0
326.0
351.0
430.0
555.0
656.0
673.0
463.0
191.0
123.0
257.0
384.0
372.0
308.0
301.0
329.0
347.0
336.0
324.0
328.0
342.0
343.0
336.0
