325.0
311.0
294.0
305.0
312.0
311.0
319.0
326.0
311.0
304.0
311.0
322.0
320.0
316.0
316.0
320.0
318.0
312.0
303.0
313.0
324.0
313.0
303.0
315.0
329.0
322.0
315.0
312.0
315.0
325.0
328.0
311.0
309.0
322.0
330.0
321.0
310.0
317.0
323.0
326.0
323.0
320.0
325.0
338.0
338.0
329.0
327.0
322.0
326.0
335.0
318.0
290.0
294.0
315.0
321.0
318.0
325.0
314.0
309.0
316.0
322.0
332.0
331.0
320.0
308.0
331.0
423.0
567.0
649.0
644.0
512.0
265.0
149.0
239.0
368.0
382.0
340.0
312.0
307.0
326.0
332.0
324.0
320.0
326.0
332.0
330.0
333.0
332.0
329.0
332.0
338.0
339.0
342.0
352.0
351.0
341.0
335.0
347.0
352.0
354.0
363.0
372.0
363.0
369.0
382.0
386.0
382.0
389.0
395.0
399.0
399.0
392.0
391.0
397.0
395.0
386.0
368.0
352.0
343.0
333.0
331.0
331.0
297.0
286.0
308.0
326.0
313.0
287.0
288.0
307.0
313.0
305.0
300.0
306.0
317.0
311.0
307.0
311.0
306.0
312.0
329.0
325.0
297.0
296.0
314.0
324.0
320.0
316.0
312.0
304.0
309.0
318.0
323.0
311.0
300.0
311.0
332.0
333.0
308.0
297.0
307.0
315.0
312.0
309.0
316.0
322.0
320.0
317.0
308.0
311.0
320.0
321.0
315.0
312.0
318.0
321.0
316.0
312.0
328.0
332.0
320.0
309.0
308.0
330.0
352.0
350.0
318.0
293.0
307.0
330.0
323.0
312.0
295.0
307.0
335.0
316.0
315.0
304.0
304.0
321.0
326.0
346.0
337.0
309.0
317.0
361.0
443.0
572.0
649.0
642.0
479.0
220.0
149.0
272.0
370.0
369.0
332.0
321.0
328.0
325.0
332.0
338.0
332.0
333.0
337.0
322.0
327.0
333.0
343.0
352.0
342.0
330.0
340.0
363.0
354.0
330.0
341.0
371.0
366.0
344.0
352.0
372.0
375.0
386.0
394.0
392.0
394.0
379.0
396.0
411.0
411.0
400.0
403.0
401.0
399.0
387.0
374.0
364.0
340.0
336.0
337.0
325.0
312.0
306.0
300.0
308.0
320.0
310.0
296.0
296.0
315.0
325.0
306.0
297.0
312.0
315.0
307.0
313.0
323.0
315.0
303.0
308.0
310.0
317.0
326.0
328.0
311.0
309.0
322.0
316.0
314.0
324.0
323.0
308.0
302.0
314.0
318.0
331.0
333.0
297.0
284.0
314.0
344.0
328.0
299.0
305.0
323.0
306.0
308.0
312.0
318.0
315.0
321.0
322.0
323.0
317.0
308.0
317.0
332.0
333.0
330.0
336.0
343.0
328.0
302.0
300.0
316.0
322.0
306.0
301.0
308.0
315.0
312.0
305.0
306.0
312.0
313.0
307.0
312.0
319.0
315.0
317.0
355.0
447.0
573.0
649.0
627.0
427.0
205.0
160.0
268.0
357.0
353.0
323.0
316.0
307.0
309.0
321.0
327.0
322.0
312.0
314.0
324.0
327.0
320.0
317.0
326.0
342.0
334.0
321.0
320.0
338.0
347.0
344.0
343.0
344.0
349.0
349.0
362.0
376.0
371.0
358.0
364.0
388.0
408.0
408.0
378.0
367.0
386.0
407.0
399.0
380.0
365.0
361.0
352.0
332.0
319.0
318.0
315.0
304.0
308.0
306.0
290.0
287.0
299.0
302.0
295.0
301.0
303.0
293.0
293.0
303.0
309.0
315.0
311.0
305.0
302.0
305.0
316.0
320.0
308.0
299.0
305.0
318.0
319.0
305.0
290.0
296.0
315.0
317.0
309.0
312.0
308.0
310.0
317.0
323.0
301.0
288.0
301.0
327.0
326.0
304.0
292.0
307.0
328.0
316.0
297.0
303.0
322.0
330.0
315.0
306.0
312.0
311.0
313.0
321.0
334.0
342.0
344.0
333.0
317.0
311.0
322.0
324.0
304.0
286.0
299.0
313.0
311.0
309.0
311.0
307.0
307.0
329.0
337.0
304.0
295.0
308.0
325.0
362.0
463.0
615.0
649.0
606.0
373.0
168.0
182.0
326.0
372.0
335.0
304.0
299.0
314.0
329.0
328.0
320.0
310.0
314.0
320.0
328.0
335.0
325.0
318.0
329.0
339.0
334.0
335.0
337.0
344.0
348.0
333.0
331.0
342.0
358.0
372.0
373.0
362.0
361.0
381.0
392.0
390.0
387.0
385.0
387.0
399.0
398.0
395.0
396.0
397.0
374.0
359.0
356.0
334.0
308.0
307.0
321.0
314.0
290.0
285.0
301.0
315.0
313.0
296.0
305.0
308.0
288.0
292.0
305.0
315.0
307.0
299.0
309.0
316.0
311.0
298.0
315.0
332.0
313.0
293.0
305.0
318.0
326.0
305.0
300.0
317.0
324.0
319.0
317.0
313.0
300.0
303.0
315.0
316.0
312.0
310.0
314.0
315.0
317.0
315.0
310.0
310.0
318.0
317.0
306.0
303.0
321.0
339.0
324.0
303.0
316.0
346.0
352.0
328.0
323.0
323.0
303.0
301.0
314.0
312.0
308.0
306.0
316.0
314.0
314.0
310.0
305.0
305.0
312.0
320.0
325.0
310.0
305.0
351.0
436.0
577.0
649.0
640.0
467.0
216.0
168.0
268.0
354.0
356.0
320.0
305.0
316.0
327.0
332.0
324.0
307.0
309.0
320.0
329.0
326.0
320.0
322.0
320.0
320.0
335.0
346.0
341.0
346.0
354.0
350.0
336.0
341.0
351.0
357.0
362.0
369.0
375.0
374.0
379.0
388.0
395.0
398.0
397.0
403.0
409.0
407.0
392.0
384.0
376.0
361.0
345.0
335.0
327.0
