inf
324.0
324.0
324.0
325.0
326.0
326.0
326.0
327.0
327.0
328.0
330.0
332.0
334.0
330.0
330.0
330.0
326.0
324.0
322.0
324.0
325.0
329.0
325.0
322.0
324.0
322.0
320.0
325.0
317.0
329.0
337.0
337.0
326.0
321.0
327.0
324.0
320.0
313.0
317.0
318.0
318.0
317.0
320.0
324.0
321.0
320.0
322.0
332.0
314.0
307.0
317.0
353.0
428.0
545.0
628.0
605.0
371.0
143.0
137.0
283.0
370.0
337.0
289.0
291.0
319.0
327.0
313.0
311.0
313.0
315.0
333.0
325.0
321.0
325.0
325.0
325.0
336.0
326.0
327.0
331.0
341.0
348.0
341.0
340.0
341.0
345.0
348.0
349.0
355.0
357.0
359.0
358.0
356.0
358.0
361.0
362.0
361.0
357.0
355.0
350.0
345.0
336.0
330.0
326.0
332.0
319.0
315.0
310.0
308.0
309.0
317.0
311.0
311.0
312.0
310.0
310.0
310.0
314.0
321.0
318.0
316.0
319.0
319.0
319.0
316.0
318.0
318.0
327.0
325.0
321.0
321.0
324.0
323.0
321.0
325.0
322.0
322.0
323.0
328.0
323.0
323.0
332.0
324.0
325.0
333.0
323.0
317.0
320.0
328.0
326.0
322.0
323.0
324.0
323.0
322.0
320.0
320.0
318.0
323.0
330.0
326.0
320.0
316.0
321.0
319.0
320.0
330.0
330.0
329.0
321.0
318.0
322.0
319.0
310.0
317.0
319.0
312.0
317.0
322.0
319.0
319.0
321.0
327.0
320.0
319.0
316.0
313.0
339.0
390.0
508.0
606.0
641.0
484.0
220.0
114.0
221.0
350.0
360.0
316.0
295.0
312.0
329.0
320.0
309.0
320.0
321.0
318.0
321.0
335.0
326.0
325.0
325.0
329.0
337.0
337.0
330.0
332.0
344.0
348.0
342.0
342.0
346.0
353.0
359.0
353.0
357.0
357.0
358.0
364.0
360.0
360.0
370.0
360.0
362.0
357.0
352.0
343.0
339.0
339.0
332.0
325.0
317.0
314.0
313.0
311.0
309.0
310.0
321.0
311.0
309.0
305.0
305.0
307.0
310.0
312.0
323.0
317.0
315.0
313.0
319.0
326.0
321.0
319.0
319.0
320.0
319.0
316.0
326.0
327.0
320.0
313.0
313.0
319.0
325.0
324.0
318.0
315.0
319.0
324.0
316.0
313.0
316.0
322.0
326.0
322.0
318.0
318.0
324.0
317.0
315.0
321.0
334.0
324.0
319.0
318.0
326.0
322.0
319.0
316.0
326.0
328.0
343.0
331.0
320.0
310.0
318.0
324.0
319.0
310.0
307.0
311.0
316.0
318.0
322.0
326.0
317.0
315.0
319.0
326.0
317.0
305.0
316.0
362.0
454.0
576.0
633.0
558.0
297.0
133.0
178.0
300.0
350.0
326.0
299.0
304.0
317.0
319.0
324.0
316.0
319.0
324.0
327.0
327.0
325.0
331.0
326.0
327.0
332.0
333.0
334.0
335.0
340.0
346.0
343.0
342.0
344.0
346.0
351.0
360.0
351.0
353.0
358.0
366.0
360.0
352.0
358.0
370.0
367.0
358.0
350.0
352.0
349.0
340.0
333.0
330.0
329.0
322.0
324.0
316.0
314.0
316.0
313.0
313.0
326.0
319.0
320.0
316.0
314.0
329.0
322.0
320.0
322.0
328.0
324.0
325.0
327.0
325.0
328.0
330.0
327.0
329.0
323.0
323.0
329.0
325.0
325.0
332.0
325.0
325.0
332.0
330.0
323.0
324.0
331.0
331.0
325.0
323.0
322.0
323.0
334.0
326.0
321.0
329.0
324.0
325.0
329.0
324.0
326.0
332.0
326.0
323.0
330.0
326.0
327.0
329.0
323.0
321.0
333.0
333.0
340.0
335.0
328.0
323.0
324.0
323.0
327.0
326.0
316.0
311.0
317.0
320.0
325.0
323.0
321.0
323.0
331.0
327.0
327.0
322.0
318.0
338.0
417.0
541.0
633.0
631.0
443.0
176.0
124.0
262.0
372.0
361.0
299.0
288.0
320.0
327.0
324.0
314.0
324.0
329.0
328.0
324.0
323.0
327.0
332.0
343.0
332.0
333.0
340.0
336.0
340.0
344.0
340.0
342.0
352.0
347.0
362.0
352.0
356.0
359.0
360.0
368.0
371.0
362.0
360.0
366.0
362.0
366.0
357.0
360.0
351.0
341.0
329.0
335.0
324.0
319.0
316.0
312.0
311.0
312.0
318.0
317.0
309.0
306.0
309.0
320.0
317.0
312.0
314.0
318.0
319.0
317.0
323.0
323.0
322.0
324.0
321.0
323.0
325.0
328.0
324.0
324.0
332.0
326.0
327.0
327.0
324.0
327.0
330.0
327.0
332.0
325.0
324.0
328.0
328.0
327.0
325.0
326.0
328.0
328.0
327.0
334.0
325.0
322.0
324.0
325.0
327.0
334.0
330.0
329.0
325.0
338.0
331.0
331.0
325.0
324.0
325.0
327.0
330.0
337.0
341.0
334.0
328.0
319.0
322.0
327.0
325.0
324.0
318.0
317.0
318.0
319.0
324.0
327.0
325.0
324.0
323.0
322.0
324.0
331.0
328.0
365.0
460.0
587.0
649.0
546.0
292.0
128.0
183.0
327.0
380.0
327.0
285.0
300.0
327.0
326.0
323.0
320.0
325.0
326.0
325.0
322.0
325.0
326.0
330.0
334.0
340.0
332.0
339.0
340.0
337.0
342.0
347.0
347.0
346.0
349.0
360.0
354.0
359.0
363.0
362.0
364.0
371.0
364.0
365.0
368.0
365.0
377.0
364.0
352.0
344.0
341.0
339.0
331.0
318.0
325.0
321.0
317.0
311.0
309.0
311.0
317.0
322.0
318.0
317.0
318.0
316.0
318.0
316.0
325.0
329.0
326.0
325.0
327.0
322.0
327.0
333.0
328.0
322.0
332.0
332.0
335.0
328.0
323.0
322.0
323.0
329.0
331.0
326.0
329.0
327.0
326.0
327.0
324.0
332.0
328.0
324.0
327.0
325.0
324.0
324.0
324.0
333.0
335.0
329.0
327.0
326.0
322.0
326.0
332.0
331.0
327.0
327.0
331.0
329.0
330.0
323.0
323.0
333.0
340.0
342.0
337.0
328.0
325.0
325.0
322.0
320.0
313.0
316.0
319.0
319.0
328.0
324.0
322.0
321.0
327.0
330.0
328.0
313.0
316.0
361.0
431.0
539.0
630.0
592.0
375.0
157.0
144.0
284.0
376.0
347.0
293.0
290.0
319.0
330.0
326.0
316.0
316.0
321.0
333.0
330.0
334.0
325.0
327.0
331.0
331.0
331.0
339.0
337.0
346.0
339.0
339.0
346.0
351.0
354.0
357.0
352.0
355.0
365.0
367.0
374.0
363.0
363.0
366.0
377.0
366.0
362.0
359.0
351.0
355.0
354.0
338.0
327.0
322.0
326.0
319.0
317.0
314.0
315.0
315.0
316.0
316.0
316.0
315.0
316.0
318.0
321.0
316.0
318.0
322.0
323.0
324.0
327.0
336.0
321.0
322.0
325.0
325.0
326.0
335.0
326.0
322.0
326.0
323.0
326.0
338.0
326.0
322.0
329.0
330.0
332.0
319.0
324.0
330.0
323.0
317.0
323.0
330.0
326.0
323.0
324.0
323.0
325.0
331.0
322.0
323.0
328.0
328.0
324.0
333.0
324.0
325.0
334.0
326.0
322.0
322.0
326.0
332.0
339.0
336.0
333.0
323.0
325.0
328.0
325.0
323.0
318.0
317.0
318.0
322.0
325.0
326.0
328.0
324.0
318.0
327.0
327.0
320.0
326.0
371.0
475.0
592.0
628.0
534.0
273.0
133.0
197.0
334.0
368.0
326.0
291.0
302.0
327.0
331.0
329.0
320.0
318.0
323.0
325.0
327.0
332.0
330.0
338.0
334.0
337.0
341.0
344.0
339.0
335.0
346.0
356.0
345.0
348.0
357.0
353.0
354.0
364.0
361.0
362.0
360.0
366.0
369.0
371.0
366.0
369.0
372.0
364.0
359.0
351.0
342.0
334.0
338.0
329.0
335.0
319.0
315.0
314.0
314.0
319.0
323.0
319.0
315.0
318.0
322.0
320.0
317.0
323.0
327.0
326.0
322.0
328.0
328.0
324.0
328.0
329.0
336.0
330.0
325.0
323.0
325.0
330.0
328.0
327.0
326.0
334.0
327.0
326.0
329.0
327.0
334.0
325.0
326.0
330.0
331.0
330.0
327.0
326.0
321.0
325.0
328.0
321.0
321.0
334.0
326.0
321.0
327.0
326.0
322.0
329.0
324.0
326.0
329.0
328.0
336.0
322.0
321.0
322.0
326.0
335.0
339.0
335.0
325.0
318.0
316.0
323.0
317.0
306.0
314.0
321.0
317.0
316.0
316.0
320.0
320.0
324.0
323.0
317.0
308.0
311.0
341.0
392.0
500.0
605.0
614.0
464.0
232.0
134.0
219.0
339.0
357.0
314.0
291.0
308.0
319.0
318.0
313.0
315.0
317.0
325.0
323.0
323.0
325.0
324.0
327.0
333.0
323.0
326.0
332.0
340.0
342.0
338.0
338.0
337.0
354.0
356.0
351.0
346.0
350.0
357.0
362.0
362.0
362.0
356.0
364.0
363.0
359.0
356.0
354.0
354.0
352.0
335.0
325.0
322.0
328.0
317.0
310.0
305.0
298.0
314.0
318.0
304.0
313.0
323.0
308.0
299.0
305.0
306.0
316.0
324.0
326.0
318.0
310.0
320.0
317.0
325.0
322.0
315.0
317.0
316.0
321.0
320.0
317.0
326.0
316.0
318.0
313.0
315.0
323.0
323.0
314.0
312.0
321.0
332.0
311.0
311.0
316.0
314.0
308.0
320.0
317.0
310.0
312.0
315.0
312.0
327.0
332.0
323.0
314.0
319.0
319.0
309.0
316.0
326.0
321.0
315.0
314.0
310.0
312.0
325.0
326.0
325.0
327.0
325.0
335.0
320.0
304.0
318.0
326.0
302.0
298.0
299.0
307.0
317.0
315.0
317.0
312.0
313.0
315.0
310.0
304.0
304.0
322.0
364.0
459.0
565.0
617.0
518.0
278.0
122.0
164.0
302.0
359.0
318.0
281.0
292.0
312.0
307.0
306.0
311.0
311.0
321.0
317.0
316.0
317.0
315.0
320.0
328.0
326.0
319.0
325.0
329.0
337.0
331.0
338.0
336.0
333.0
339.0
349.0
346.0
349.0
347.0
358.0
361.0
361.0
355.0
362.0
368.0
355.0
358.0
363.0
354.0
345.0
337.0
334.0
330.0
316.0
319.0
315.0
309.0
304.0
303.0
313.0
313.0
313.0
309.0
307.0
311.0
314.0
315.0
312.0
312.0
314.0
318.0
318.0
313.0
320.0
321.0
320.0
310.0
312.0
321.0
322.0
318.0
322.0
327.0
318.0
321.0
326.0
329.0
320.0
321.0
327.0
324.0
317.0
320.0
329.0
324.0
317.0
317.0
329.0
327.0
326.0
319.0
321.0
326.0
326.0
319.0
320.0
328.0
324.0
324.0
332.0
317.0
319.0
329.0
339.0
338.0
331.0
327.0
322.0
327.0
329.0
319.0
310.0
316.0
322.0
326.0
324.0
322.0
317.0
324.0
339.0
330.0
324.0
309.0
319.0
357.0
432.0
522.0
629.0
618.0
413.0
187.0
148.0
263.0
349.0
346.0
317.0
302.0
316.0
329.0
334.0
320.0
322.0
330.0
330.0
336.0
328.0
332.0
331.0
337.0
339.0
334.0
328.0
335.0
346.0
345.0
340.0
346.0
352.0
347.0
349.0
355.0
357.0
356.0
362.0
363.0
360.0
366.0
370.0
368.0
363.0
366.0
365.0
359.0
353.0
351.0
340.0
338.0
330.0
325.0
323.0
317.0
319.0
324.0
329.0
318.0
316.0
320.0
320.0
326.0
323.0
322.0
324.0
323.0
324.0
325.0
327.0
323.0
326.0
330.0
328.0
333.0
328.0
335.0
327.0
326.0
330.0
334.0
331.0
331.0
332.0
330.0
328.0
337.0
333.0
329.0
326.0
329.0
326.0
339.0
328.0
334.0
327.0
331.0
336.0
330.0
328.0
330.0
329.0
332.0
339.0
329.0
335.0
325.0
332.0
340.0
331.0
335.0
332.0
336.0
338.0
335.0
332.0
336.0
341.0
339.0
328.0
334.0
337.0
332.0
321.0
322.0
323.0
325.0
334.0
337.0
339.0
328.0
325.0
324.0
322.0
345.0
334.0
318.0
352.0
439.0
556.0
644.0
614.0
419.0
166.0
148.0
294.0
374.0
342.0
315.0
312.0
321.0
326.0
337.0
330.0
328.0
330.0
336.0
338.0
336.0
332.0
333.0
342.0
341.0
338.0
346.0
343.0
342.0
352.0
352.0
351.0
350.0
355.0
354.0
366.0
366.0
361.0
370.0
379.0
375.0
361.0
363.0
374.0
385.0
370.0
363.0
372.0
355.0
341.0
341.0
343.0
326.0
328.0
323.0
318.0
324.0
321.0
322.0
319.0
330.0
319.0
318.0
319.0
336.0
328.0
329.0
324.0
324.0
340.0
332.0
326.0
326.0
333.0
338.0
336.0
334.0
334.0
329.0
328.0
345.0
338.0
336.0
330.0
340.0
332.0
330.0
334.0
342.0
334.0
325.0
339.0
346.0
336.0
326.0
320.0
336.0
344.0
341.0
340.0
321.0
336.0
331.0
335.0
338.0
336.0
329.0
326.0
344.0
328.0
329.0
337.0
332.0
