308.0
302.0
298.0
311.0
297.0
285.0
304.0
310.0
301.0
292.0
295.0
305.0
308.0
312.0
296.0
294.0
302.0
305.0
310.0
304.0
304.0
304.0
304.0
312.0
310.0
306.0
318.0
312.0
303.0
302.0
306.0
310.0
309.0
309.0
309.0
305.0
302.0
300.0
306.0
319.0
314.0
310.0
309.0
307.0
304.0
306.0
315.0
310.0
310.0
311.0
313.0
310.0
311.0
307.0
310.0
320.0
318.0
320.0
312.0
316.0
331.0
341.0
337.0
315.0
308.0
316.0
322.0
307.0
299.0
301.0
306.0
309.0
317.0
327.0
307.0
297.0
305.0
315.0
324.0
309.0
304.0
326.0
375.0
440.0
557.0
648.0
620.0
412.0
201.0
175.0
285.0
348.0
340.0
312.0
304.0
317.0
318.0
320.0
319.0
327.0
322.0
322.0
321.0
317.0
328.0
331.0
325.0
329.0
331.0
328.0
336.0
336.0
336.0
353.0
348.0
350.0
345.0
345.0
358.0
370.0
380.0
371.0
365.0
380.0
390.0
391.0
391.0
393.0
393.0
394.0
403.0
387.0
365.0
358.0
347.0
334.0
323.0
316.0
314.0
309.0
306.0
307.0
314.0
296.0
295.0
308.0
304.0
310.0
301.0
297.0
303.0
309.0
306.0
312.0
306.0
309.0
315.0
309.0
306.0
311.0
313.0
318.0
323.0
316.0
311.0
318.0
322.0
318.0
315.0
318.0
314.0
327.0
328.0
309.0
310.0
322.0
312.0
311.0
321.0
323.0
320.0
317.0
311.0
312.0
321.0
324.0
321.0
313.0
316.0
321.0
322.0
326.0
324.0
313.0
313.0
325.0
335.0
330.0
327.0
330.0
338.0
346.0
334.0
318.0
318.0
320.0
320.0
315.0
310.0
315.0
320.0
316.0
315.0
315.0
320.0
325.0
320.0
316.0
319.0
320.0
315.0
327.0
363.0
461.0
599.0
648.0
602.0
390.0
190.0
195.0
309.0
361.0
340.0
312.0
320.0
323.0
322.0
322.0
322.0
326.0
323.0
330.0
337.0
333.0
330.0
328.0
332.0
339.0
345.0
339.0
334.0
341.0
349.0
351.0
344.0
349.0
352.0
357.0
362.0
368.0
377.0
375.0
375.0
383.0
393.0
400.0
400.0
397.0
396.0
393.0
395.0
379.0
369.0
364.0
349.0
336.0
327.0
316.0
318.0
311.0
302.0
310.0
314.0
301.0
298.0
309.0
310.0
306.0
307.0
303.0
303.0
306.0
306.0
305.0
310.0
308.0
311.0
320.0
310.0
310.0
305.0
316.0
323.0
315.0
304.0
316.0
324.0
322.0
301.0
303.0
322.0
323.0
312.0
314.0
317.0
312.0
315.0
319.0
317.0
310.0
311.0
311.0
319.0
319.0
315.0
312.0
320.0
323.0
313.0
307.0
313.0
319.0
318.0
320.0
319.0
311.0
314.0
320.0
328.0
326.0
328.0
330.0
335.0
345.0
340.0
322.0
307.0
309.0
317.0
310.0
317.0
312.0
305.0
304.0
307.0
315.0
318.0
307.0
305.0
315.0
324.0
316.0
307.0
318.0
346.0
414.0
540.0
647.0
644.0
493.0
246.0
153.0
248.0
357.0
359.0
323.0
306.0
314.0
330.0
324.0
314.0
314.0
323.0
327.0
327.0
327.0
328.0
330.0
331.0
331.0
333.0
333.0
330.0
344.0
349.0
342.0
344.0
351.0
351.0
358.0
356.0
361.0
369.0
376.0
381.0
384.0
390.0
391.0
391.0
395.0
401.0
404.0
390.0
379.0
376.0
370.0
356.0
338.0
328.0
317.0
315.0
315.0
310.0
298.0
300.0
308.0
305.0
303.0
296.0
304.0
310.0
305.0
298.0
300.0
306.0
312.0
305.0
302.0
303.0
309.0
312.0
311.0
314.0
313.0
315.0
311.0
310.0
310.0
313.0
314.0
315.0
316.0
316.0
314.0
313.0
314.0
315.0
319.0
316.0
311.0
321.0
321.0
316.0
310.0
315.0
318.0
322.0
316.0
314.0
316.0
322.0
321.0
316.0
317.0
316.0
315.0
322.0
322.0
320.0
322.0
317.0
327.0
323.0
320.0
323.0
327.0
341.0
349.0
334.0
317.0
314.0
326.0
323.0
307.0
303.0
308.0
311.0
314.0
316.0
313.0
312.0
321.0
316.0
317.0
320.0
318.0
316.0
317.0
338.0
405.0
526.0
638.0
646.0
522.0
273.0
155.0
238.0
354.0
373.0
328.0
301.0
314.0
326.0
324.0
317.0
315.0
328.0
329.0
322.0
326.0
332.0
328.0
327.0
331.0
335.0
334.0
333.0
336.0
337.0
338.0
343.0
345.0
345.0
356.0
361.0
359.0
365.0
375.0
380.0
382.0
390.0
396.0
394.0
394.0
397.0
396.0
392.0
385.0
371.0
357.0
336.0
346.0
336.0
317.0
309.0
292.0
304.0
308.0
313.0
318.0
290.0
279.0
311.0
334.0
306.0
295.0
272.0
265.0
318.0
344.0
313.0
297.0
296.0
319.0
301.0
291.0
327.0
331.0
319.0
302.0
301.0
285.0
307.0
337.0
320.0
296.0
313.0
339.0
328.0
318.0
310.0
315.0
326.0
326.0
308.0
296.0
334.0
341.0
316.0
286.0
294.0
327.0
335.0
316.0
310.0
309.0
295.0
313.0
339.0
325.0
311.0
324.0
343.0
318.0
322.0
341.0
342.0
329.0
329.0
335.0
339.0
345.0
333.0
312.0
316.0
318.0
311.0
312.0
339.0
343.0
328.0
313.0
316.0
320.0
338.0
333.0
336.0
328.0
331.0
348.0
411.0
536.0
648.0
646.0
518.0
263.0
167.0
263.0
366.0
374.0
336.0
314.0
322.0
337.0
350.0
349.0
327.0
326.0
332.0
344.0
331.0
