5.0
295.0
295.0
295.0
293.0
293363.0
315.0
317.0
316.0
317.0
318.0
321.0
322.0
322.0
322.0
322.0
323.0
322.0
321.0
320.0
319.0
319.0
316.0
310.0
325.0
377.0
478.0
593.0
646.0
581.0
352.0
171.0
199.0
311.0
353.0
338.0
315.0
314.0
344.0
326.0
297.0
310.0
323.0
324.0
324.0
322.0
324.0
344.0
330.0
317.0
332.0
337.0
332.0
338.0
340.0
322.0
330.0
353.0
359.0
358.0
357.0
351.0
357.0
367.0
397.0
383.0
364.0
386.0
394.0
380.0
376.0
388.0
387.0
384.0
367.0
359.0
344.0
321.0
325.0
329.0
311.0
308.0
308.0
309.0
310.0
302.0
296.0
303.0
306.0
301.0
301.0
303.0
301.0
303.0
309.0
309.0
310.0
313.0
308.0
303.0
308.0
310.0
309.0
307.0
323.0
317.0
305.0
305.0
318.0
317.0
310.0
313.0
322.0
320.0
306.0
310.0
321.0
319.0
308.0
316.0
320.0
324.0
322.0
323.0
307.0
307.0
318.0
311.0
315.0
320.0
327.0
325.0
325.0
330.0
320.0
322.0
364.0
374.0
315.0
301.0
309.0
331.0
321.0
302.0
294.0
314.0
321.0
314.0
316.0
312.0
300.0
302.0
300.0
310.0
331.0
326.0
306.0
300.0
337.0
392.0
465.0
579.0
647.0
584.0
362.0
184.0
196.0
307.0
354.0
335.0
323.0
305.0
300.0
336.0
331.0
307.0
305.0
332.0
327.0
314.0
304.0
327.0
350.0
338.0
316.0
313.0
328.0
338.0
356.0
354.0
313.0
320.0
349.0
358.0
364.0
366.0
347.0
351.0
364.0
377.0
402.0
395.0
356.0
364.0
389.0
400.0
381.0
369.0
368.0
357.0
340.0
331.0
320.0
317.0
320.0
316.0
314.0
295.0
291.0
306.0
308.0
295.0
313.0
319.0
293.0
286.0
308.0
314.0
307.0
298.0
315.0
319.0
287.0
288.0
315.0
329.0
320.0
302.0
298.0
318.0
334.0
319.0
300.0
308.0
326.0
328.0
316.0
315.0
308.0
320.0
328.0
327.0
316.0
314.0
315.0
324.0
313.0
313.0
322.0
325.0
316.0
319.0
318.0
323.0
329.0
343.0
341.0
310.0
316.0
342.0
329.0
308.0
307.0
308.0
311.0
299.0
304.0
318.0
320.0
326.0
333.0
313.0
304.0
321.0
333.0
328.0
304.0
297.0
324.0
393.0
497.0
647.0
648.0
557.0
308.0
167.0
235.0
338.0
337.0
311.0
323.0
338.0
321.0
310.0
321.0
314.0
327.0
327.0
326.0
340.0
342.0
305.0
309.0
320.0
330.0
341.0
358.0
331.0
294.0
320.0
360.0
372.0
342.0
324.0
346.0
374.0
374.0
356.0
359.0
367.0
375.0
377.0
369.0
377.0
370.0
372.0
372.0
385.0
354.0
344.0
345.0
329.0
327.0
312.0
309.0
307.0
300.0
300.0
302.0
324.0
311.0
294.0
297.0
317.0
313.0
293.0
304.0
320.0
319.0
294.0
303.0
314.0
324.0
316.0
311.0
331.0
327.0
312.0
314.0
326.0
335.0
330.0
317.0
304.0
334.0
334.0
294.0
314.0
341.0
334.0
312.0
329.0
353.0
348.0
319.0
333.0
312.0
320.0
314.0
322.0
333.0
326.0
317.0
329.0
337.0
341.0
337.0
346.0
333.0
319.0
328.0
323.0
335.0
328.0
319.0
311.0
310.0
310.0
334.0
343.0
328.0
309.0
324.0
335.0
331.0
329.0
320.0
329.0
354.0
400.0
539.0
650.0
648.0
529.0
265.0
160.0
251.0
350.0
367.0
319.0
287.0
312.0
339.0
342.0
318.0
305.0
311.0
334.0
343.0
330.0
316.0
313.0
324.0
332.0
341.0
343.0
343.0
337.0
342.0
347.0
342.0
351.0
357.0
355.0
358.0
355.0
374.0
378.0
399.0
372.0
363.0
373.0
388.0
388.0
388.0
389.0
372.0
367.0
376.0
358.0
342.0
338.0
343.0
324.0
302.0
308.0
318.0
325.0
312.0
322.0
310.0
301.0
312.0
316.0
320.0
318.0
299.0
309.0
326.0
320.0
308.0
318.0
313.0
326.0
330.0
322.0
313.0
330.0
331.0
322.0
318.0
326.0
317.0
316.0
325.0
317.0
324.0
348.0
340.0
326.0
326.0
326.0
318.0
326.0
331.0
331.0
322.0
319.0
332.0
332.0
317.0
318.0
320.0
333.0
331.0
336.0
328.0
338.0
336.0
327.0
322.0
323.0
321.0
330.0
328.0
330.0
320.0
308.0
335.0
347.0
337.0
320.0
317.0
335.0
333.0
318.0
328.0
336.0
331.0
332.0
332.0
335.0
339.0
335.0
324.0
330.0
340.0
341.0
336.0
321.0
319.0
323.0
329.0
337.0
317.0
314.0
323.0
321.0
321.0
329.0
323.0
339.0
343.0
318.0
304.0
319.0
334.0
348.0
378.0
462.0
584.0
649.0
634.0
447.0
219.0
162.0
263.0
369.0
382.0
330.0
304.0
308.0
323.0
337.0
336.0
334.0
330.0
321.0
322.0
334.0
356.0
337.0
319.0
330.0
340.0
339.0
330.0
342.0
350.0
340.0
338.0
357.0
360.0
359.0
355.0
362.0
373.0
382.0
384.0
389.0
389.0
376.0
380.0
398.0
398.0
391.0
386.0
382.0
373.0
357.0
341.0
331.0
319.0
312.0
316.0
311.0
309.0
302.0
295.0
293.0
301.0
304.0
297.0
294.0
304.0
312.0
309.0
304.0
301.0
301.0
309.0
316.0
309.0
304.0
303.0
312.0
317.0
311.0
308.0
318.0
324.0
314.0
306.0
311.0
321.0
319.0
309.0
318.0
323.0
310.0
309.0
314.0
317.0
311.0
327.0
318.0
303.0
304.0
315.0
328.0
329.0
311.0
311.0
308.0
306.0
310.0
316.0
316.0
321.0
312.0
310.0
316.0
328.0
317.0
313.0
324.0
319.0
311.0
315.0
320.0
324.0
323.0
320.0
316.0
314.0
319.0
321.0
320.0
335.0
341.0
330.0
327.0
324.0
313.0
304.0
325.0
329.0
319.0
306.0
311.0
319.0
315.0
310.0
316.0
316.0
315.0
321.0
327.0
324.0
311.0
314.0
354.0
427.0
539.0
639.0
644.0
505.0
270.0
160.0
248.0
370.0
370.0
315.0
297.0
319.0
330.0
325.0
319.0
322.0
328.0
334.0
328.0
326.0
328.0
333.0
333.0
329.0
331.0
334.0
341.0
335.0
337.0
347.0
354.0
343.0
347.0
362.0
363.0
366.0
378.0
371.0
371.0
390.0
401.0
389.0
391.0
393.0
399.0
407.0
398.0
386.0
372.0
368.0
357.0
338.0
319.0
332.0
322.0
300.0
298.0
307.0
312.0
311.0
298.0
301.0
310.0
313.0
304.0
296.0
305.0
313.0
317.0
311.0
311.0
300.0
310.0
315.0
318.0
309.0
309.0
315.0
313.0
318.0
319.0
320.0
310.0
305.0
322.0
325.0
318.0
318.0
316.0
319.0
315.0
323.0
319.0
314.0
308.0
317.0
322.0
318.0
316.0
313.0
317.0
309.0
313.0
322.0
319.0
319.0
319.0
318.0
320.0
314.0
318.0
328.0
325.0
316.0
313.0
317.0
321.0
326.0
323.0
317.0
316.0
315.0
318.0
325.0
327.0
322.0
319.0
321.0
327.0
334.0
335.0
336.0
333.0
325.0
325.0
323.0
323.0
317.0
310.0
313.0
318.0
319.0
322.0
322.0
320.0
319.0
321.0
324.0
327.0
323.0
318.0
321.0
350.0
412.0
522.0
631.0
644.0
510.0
272.0
167.0
238.0
356.0
376.0
334.0
309.0
320.0
331.0
331.0
325.0
323.0
328.0
329.0
326.0
327.0
334.0
336.0
337.0
335.0
333.0
337.0
347.0
348.0
345.0
342.0
351.0
355.0
356.0
359.0
361.0
368.0
376.0
380.0
378.0
389.0
397.0
394.0
393.0
