325.0
363.0
40.0
18.0
249.0
407.0
113.0
17.0
243.0
409.0
124.0
7.0
161.0
418.0
223.0
0.0
82.0
331.0
354.0
42.0
29.0
266.0
406.0
115.0
21.0
252.0
408.0
111.0
6.0
148.0
385.0
183.0
0.0
59.0
283.0
304.0
3.0
0.0
104.0
330.0
178.0
0.0
49.0
270.0
317.0
3.0
0.0
74.0
288.0
277.0
0.0
3.0
130.0
344.0
173.0
0.0
64.0
284.0
290.0
0.0
0.0
114.0
361.0
199.0
0.0
44.0
266.0
325.0
31.0
8.0
147.0
364.0
167.0
0.0
71.0
291.0
294.0
1.0
0.0
122.0
366.0
202.0
0.0
48.0
271.0
328.0
36.0
9.0
149.0
370.0
165.0
0.0
79.0
302.0
310.0
12.0
26.0
238.0
351.0
67.0
0.0
113.0
369.0
223.0
0.0
48.0
277.0
358.0
57.0
8.0
158.0
401.0
212.0
0.0
87.0
338.0
362.0
46.0
28.0
259.0
387.0
107.0
18.0
228.0
381.0
109.0
11.0
221.0
385.0
120.0
2.0
138.0
393.0
223.0
0.0
73.0
315.0
350.0
38.0
21.0
246.0
392.0
108.0
13.0
271.0
512.0
298.0
286.0
653.0
585.0
0.0
0.0
0.0
75.0
277.0
222.0
101.0
292.0
371.0
98.0
11.0
217.0
427.0
187.0
0.0
117.0
415.0
292.0
2.0
48.0
307.0
431.0
108.0
32.0
287.0
438.0
135.0
36.0
280.0
444.0
153.0
36.0
281.0
455.0
162.0
29.0
259.0
462.0
202.0
42.0
248.0
464.0
227.0
46.0
241.0
478.0
246.0
34.0
229.0
484.0
267.0
51.0
222.0
466.0
267.0
38.0
194.0
451.0
269.0
17.0
160.0
446.0
296.0
20.0
141.0
436.0
312.0
16.0
123.0
447.0
336.0
31.0
121.0
425.0
336.0
42.0
121.0
430.0
368.0
55.0
102.0
415.0
383.0
68.0
92.0
354.0
450.0
129.0
94.0
349.0
455.0
139.0
88.0
346.0
461.0
146.0
78.0
329.0
479.0
166.0
46.0
302.0
496.0
204.0
42.0
266.0
482.0
228.0
66.0
274.0
478.0
218.0
52.0
269.0
491.0
237.0
43.0
243.0
490.0
266.0
65.0
253.0
501.0
290.0
62.0
233.0
504.0
325.0
71.0
223.0
514.0
334.0
52.0
185.0
480.0
344.0
59.0
179.0
483.0
362.0
55.0
154.0
471.0
385.0
78.0
154.0
455.0
384.0
87.0
154.0
462.0
405.0
82.0
132.0
451.0
451.0
160.0
325.0
655.0
650.0
421.0
264.0
275.0
202.0
156.0
402.0
530.0
222.0
52.0
287.0
544.0
293.0
44.0
247.0
543.0
328.0
67.0
235.0
522.0
346.0
88.0
228.0
511.0
359.0
95.0
234.0
519.0
366.0
85.0
217.0
515.0
406.0
105.0
276.0
542.0
344.0
103.0
341.0
559.0
277.0
109.0
414.0
569.0
232.0
113.0
447.0
547.0
206.0
172.0
485.0
498.0
161.0
204.0
506.0
431.0
110.0
237.0
521.0
357.0
84.0
210.0
529.0
392.0
83.0
189.0
503.0
404.0
105.0
250.0
523.0
354.0
106.0
315.0
535.0
289.0
106.0
378.0
540.0
234.0
111.0
417.0
532.0
194.0
150.0
472.0
484.0
152.0
198.0
508.0
445.0
124.0
247.0
539.0
385.0
95.0
234.0
543.0
406.0
102.0
278.0
550.0
348.0
109.0
346.0
555.0
284.0
112.0
394.0
542.0
233.0
146.0
443.0
509.0
183.0
176.0
490.0
485.0
148.0
206.0
517.0
433.0
131.0
286.0
569.0
387.0
113.0
340.0
586.0
337.0
122.0
394.0
590.0
262.0
109.0
425.0
557.0
220.0
143.0
450.0
501.0
181.0
208.0
518.0
463.0
135.0
245.0
546.0
417.0
111.0
299.0
577.0
361.0
98.0
274.0
592.0
456.0
236.0
573.0
655.0
634.0
338.0
222.0
354.0
290.0
301.0
517.0
498.0
172.0
193.0
528.0
509.0
151.0
202.0
534.0
477.0
150.0
264.0
559.0
413.0
125.0
329.0
585.0
355.0
118.0
382.0
588.0
304.0
135.0
435.0
576.0
252.0
167.0
489.0
554.0
204.0
208.0
542.0
526.0
176.0
257.0
581.0
471.0
148.0
316.0
603.0
415.0
146.0
386.0
617.0
325.0
118.0
416.0
595.0
269.0
130.0
441.0
550.0
214.0
166.0
496.0
511.0
162.0
202.0
523.0
461.0
142.0
268.0
551.0
398.0
125.0
321.0
567.0
346.0
118.0
374.0
573.0
291.0
129.0
431.0
568.0
234.0
151.0
473.0
535.0
194.0
190.0
509.0
497.0
161.0
238.0
550.0
445.0
120.0
280.0
567.0
387.0
117.0
338.0
569.0
326.0
123.0
389.0
563.0
267.0
137.0
440.0
544.0
209.0
165.0
491.0
515.0
168.0
199.0
521.0
475.0
149.0
250.0
541.0
411.0
130.0
325.0
590.0
364.0
117.0
373.0
591.0
306.0
135.0
435.0
569.0
234.0
143.0
464.0
521.0
180.0
187.0
513.0
482.0
137.0
233.0
545.0
429.0
113.0
277.0
567.0
374.0
106.0
336.0
574.0
313.0
116.0
403.0
604.0
352.0
329.0
655.0
655.0
507.0
170.0
248.0
386.0
281.0
352.0
535.0
397.0
123.0
299.0
578.0
394.0
97.0
239.0
554.0
435.0
122.0
292.0
564.0
374.0
118.0
357.0
582.0
313.0
122.0
411.0
574.0
257.0
147.0
462.0
557.0
211.0
179.0
513.0
526.0
170.0
226.0
538.0
475.0
171.0
296.0
574.0
419.0
150.0
352.0
592.0
359.0
140.0
408.0
599.0
298.0
134.0
428.0
549.0
229.0
167.0
475.0
514.0
181.0
204.0
511.0
452.0
140.0
263.0
554.0
411.0
118.0
302.0
565.0
370.0
120.0
354.0
578.0
321.0
