318.0
228.0
260.0
356.0
312.0
208.0
263.0
386.0
345.0
223.0
261.0
356.0
296.0
238.0
306.0
368.0
295.0
232.0
296.0
349.0
289.0
258.0
351.0
389.0
281.0
223.0
338.0
367.0
282.0
262.0
341.0
320.0
226.0
266.0
351.0
317.0
235.0
270.0
350.0
304.0
213.0
281.0
349.0
287.0
258.0
315.0
346.0
258.0
209.0
329.0
403.0
354.0
424.0
655.0
663.0
537.0
192.0
92.0
199.0
320.0
347.0
367.0
310.0
209.0
264.0
373.0
286.0
184.0
294.0
405.0
291.0
201.0
286.0
344.0
256.0
223.0
331.0
374.0
253.0
210.0
330.0
348.0
228.0
214.0
332.0
331.0
239.0
260.0
356.0
328.0
223.0
252.0
377.0
332.0
235.0
286.0
368.0
316.0
238.0
317.0
388.0
309.0
237.0
331.0
381.0
274.0
230.0
365.0
367.0
224.0
221.0
366.0
342.0
210.0
218.0
329.0
303.0
217.0
247.0
331.0
287.0
199.0
229.0
327.0
282.0
227.0
292.0
344.0
243.0
198.0
325.0
360.0
236.0
202.0
323.0
327.0
231.0
268.0
349.0
301.0
221.0
254.0
343.0
293.0
217.0
264.0
368.0
314.0
212.0
273.0
344.0
266.0
234.0
314.0
327.0
240.0
238.0
342.0
344.0
245.0
232.0
319.0
327.0
231.0
248.0
352.0
323.0
227.0
280.0
339.0
261.0
230.0
316.0
357.0
256.0
219.0
322.0
345.0
257.0
241.0
338.0
346.0
235.0
232.0
360.0
353.0
242.0
252.0
318.0
367.0
301.0
280.0
366.0
338.0
271.0
318.0
368.0
314.0
268.0
313.0
346.0
277.0
256.0
329.0
344.0
255.0
255.0
353.0
370.0
244.0
237.0
371.0
351.0
251.0
268.0
365.0
350.0
244.0
295.0
455.0
491.0
496.0
663.0
662.0
412.0
75.0
112.0
339.0
407.0
293.0
290.0
351.0
313.0
274.0
330.0
342.0
279.0
283.0
402.0
383.0
244.0
228.0
361.0
366.0
292.0
299.0
380.0
341.0
239.0
301.0
387.0
342.0
262.0
337.0
396.0
311.0
270.0
346.0
387.0
324.0
290.0
381.0
400.0
305.0
307.0
426.0
438.0
314.0
291.0
411.0
422.0
314.0
328.0
423.0
376.0
279.0
328.0
399.0
331.0
274.0
342.0
389.0
296.0
263.0
355.0
382.0
276.0
250.0
371.0
388.0
267.0
261.0
375.0
384.0
284.0
293.0
375.0
351.0
268.0
327.0
408.0
333.0
264.0
327.0
402.0
339.0
277.0
352.0
408.0
318.0
262.0
344.0
405.0
343.0
298.0
356.0
377.0
308.0
304.0
393.0
361.0
280.0
320.0
392.0
357.0
267.0
329.0
410.0
347.0
296.0
357.0
388.0
315.0
276.0
364.0
393.0
317.0
288.0
378.0
391.0
313.0
310.0
380.0
370.0
293.0
339.0
409.0
368.0
294.0
348.0
451.0
383.0
284.0
357.0
434.0
359.0
280.0
344.0
398.0
318.0
281.0
363.0
399.0
313.0
286.0
386.0
402.0
291.0
293.0
405.0
370.0
279.0
324.0
418.0
378.0
286.0
334.0
398.0
347.0
357.0
530.0
670.0
669.0
652.0
465.0
162.0
126.0
379.0
530.0
432.0
247.0
254.0
396.0
397.0
292.0
324.0
423.0
374.0
278.0
321.0
435.0
369.0
275.0
329.0
414.0
361.0
301.0
363.0
396.0
325.0
318.0
404.0
406.0
311.0
313.0
414.0
413.0
306.0
317.0
442.0
424.0
296.0
318.0
428.0
389.0
301.0
378.0
459.0
373.0
313.0
385.0
449.0
357.0
310.0
393.0
433.0
332.0
274.0
369.0
386.0
295.0
305.0
388.0
348.0
269.0
292.0
400.0
362.0
256.0
306.0
386.0
337.0
260.0
316.0
411.0
343.0
268.0
340.0
393.0
323.0
285.0
366.0
397.0
290.0
274.0
381.0
392.0
302.0
306.0
397.0
379.0
276.0
290.0
397.0
374.0
301.0
346.0
403.0
345.0
291.0
345.0
393.0
322.0
288.0
382.0
384.0
299.0
301.0
394.0
395.0
290.0
287.0
398.0
377.0
285.0
303.0
412.0
377.0
264.0
321.0
421.0
359.0
259.0
312.0
396.0
333.0
288.0
369.0
394.0
318.0
292.0
386.0
396.0
292.0
299.0
410.0
433.0
312.0
300.0
410.0
401.0
310.0
329.0
405.0
341.0
274.0
314.0
391.0
342.0
281.0
344.0
397.0
324.0
269.0
356.0
402.0
310.0
284.0
372.0
390.0
288.0
278.0
375.0
361.0
266.0
324.0
479.0
559.0
599.0
661.0
634.0
309.0
69.0
170.0
422.0
443.0
275.0
282.0
392.0
343.0
251.0
323.0
399.0
315.0
259.0
341.0
392.0
302.0
281.0
377.0
384.0
282.0
285.0
394.0
381.0
274.0
308.0
402.0
364.0
270.0
311.0
400.0
349.0
274.0
352.0
407.0
334.0
286.0
376.0
408.0
323.0
304.0
403.0
423.0
316.0
297.0
409.0
410.0
310.0
319.0
422.0
395.0
281.0
291.0
378.0
353.0
273.0
308.0
368.0
304.0
245.0
319.0
369.0
288.0
252.0
348.0
369.0
265.0
244.0
356.0
372.0
257.0
253.0
358.0
356.0
265.0
279.0
354.0
326.0
258.0
308.0
375.0
300.0
230.0
301.0
367.0
313.0
250.0
353.0
392.0
293.0
283.0
374.0
350.0
273.0
291.0
389.0
362.0
249.0
266.0
385.0
366.0
278.0
301.0
388.0
344.0
256.0
302.0
390.0
336.0
269.0
324.0
384.0
308.0
247.0
350.0
402.0
