217.0
456.0
399.0
174.0
261.0
484.0
371.0
161.0
288.0
492.0
324.0
159.0
335.0
493.0
295.0
168.0
372.0
474.0
258.0
188.0
407.0
464.0
222.0
205.0
441.0
438.0
202.0
238.0
471.0
396.0
192.0
311.0
507.0
332.0
153.0
327.0
502.0
292.0
143.0
349.0
486.0
265.0
163.0
389.0
469.0
226.0
182.0
434.0
449.0
185.0
206.0
473.0
474.0
317.0
512.0
649.0
487.0
82.0
58.0
277.0
401.0
248.0
269.0
441.0
360.0
177.0
288.0
487.0
342.0
164.0
329.0
492.0
297.0
164.0
374.0
495.0
258.0
176.0
407.0
482.0
241.0
205.0
454.0
461.0
206.0
224.0
485.0
447.0
183.0
266.0
526.0
404.0
165.0
309.0
543.0
368.0
162.0
345.0
540.0
315.0
162.0
375.0
495.0
258.0
169.0
409.0
459.0
201.0
182.0
431.0
419.0
187.0
230.0
456.0
385.0
169.0
265.0
481.0
364.0
153.0
295.0
496.0
320.0
156.0
344.0
489.0
277.0
160.0
383.0
477.0
236.0
186.0
433.0
461.0
209.0
216.0
454.0
419.0
183.0
261.0
494.0
374.0
152.0
288.0
506.0
341.0
160.0
351.0
541.0
311.0
134.0
353.0
491.0
269.0
178.0
397.0
453.0
209.0
199.0
454.0
444.0
181.0
215.0
480.0
422.0
160.0
240.0
488.0
384.0
207.0
450.0
649.0
587.0
318.0
267.0
295.0
201.0
206.0
436.0
464.0
208.0
182.0
441.0
456.0
199.0
210.0
464.0
426.0
184.0
249.0
491.0
399.0
172.0
290.0
502.0
346.0
165.0
352.0
521.0
294.0
155.0
401.0
522.0
264.0
185.0
440.0
506.0
250.0
224.0
481.0
479.0
204.0
236.0
513.0
462.0
191.0
263.0
503.0
383.0
158.0
300.0
501.0
319.0
153.0
336.0
476.0
275.0
167.0
380.0
469.0
242.0
196.0
416.0
431.0
212.0
235.0
477.0
420.0
168.0
242.0
488.0
381.0
161.0
287.0
506.0
345.0
150.0
325.0
515.0
306.0
166.0
374.0
496.0
256.0
184.0
427.0
470.0
213.0
209.0
456.0
438.0
187.0
251.0
498.0
406.0
165.0
284.0
529.0
380.0
159.0
323.0
522.0
327.0
154.0
351.0
508.0
268.0
142.0
379.0
497.0
250.0
188.0
422.0
454.0
217.0
223.0
469.0
429.0
180.0
245.0
530.0
513.0
352.0
580.0
649.0
380.0
7.0
32.0
290.0
473.0
281.0
238.0
438.0
407.0
193.0
272.0
499.0
393.0
170.0
293.0
507.0
354.0
173.0
346.0
519.0
323.0
181.0
393.0
513.0
280.0
194.0
435.0
512.0
248.0
214.0
481.0
483.0
224.0
262.0
519.0
452.0
209.0
304.0
547.0
409.0
189.0
347.0
551.0
347.0
177.0
368.0
525.0
292.0
157.0
387.0
494.0
250.0
186.0
424.0
465.0
212.0
213.0
465.0
433.0
180.0
253.0
510.0
391.0
149.0
283.0
513.0
346.0
162.0
341.0
527.0
309.0
144.0
370.0
513.0
267.0
181.0
432.0
488.0
223.0
200.0
456.0
462.0
208.0
224.0
484.0
433.0
180.0
267.0
505.0
369.0
160.0
320.0
529.0
331.0
161.0
372.0
552.0
303.0
151.0
375.0
511.0
261.0
163.0
414.0
476.0
214.0
213.0
463.0
431.0
197.0
263.0
495.0
382.0
162.0
303.0
517.0
354.0
205.0
494.0
650.0
585.0
341.0
301.0
305.0
193.0
238.0
467.0
460.0
207.0
224.0
466.0
441.0
189.0
241.0
503.0
432.0
169.0
257.0
521.0
401.0
165.0
312.0
525.0
343.0
176.0
377.0
536.0
300.0
182.0
425.0
532.0
268.0
204.0
472.0
520.0
240.0
239.0
516.0
485.0
207.0
279.0
544.0
448.0
195.0
297.0
536.0
373.0
171.0
333.0
516.0
309.0
159.0
376.0
497.0
256.0
165.0
411.0
480.0
230.0
206.0
448.0
455.0
205.0
236.0
489.0
423.0
165.0
260.0
522.0
395.0
155.0
298.0
523.0
338.0
148.0
356.0
533.0
292.0
152.0
394.0
512.0
254.0
175.0
430.0
488.0
219.0
213.0
484.0
438.0
177.0
246.0
507.0
409.0
171.0
294.0
527.0
370.0
179.0
347.0
530.0
313.0
156.0
375.0
510.0
258.0
157.0
399.0
487.0
239.0
187.0
437.0
455.0
213.0
245.0
488.0
411.0
171.0
260.0
518.0
448.0
326.0
580.0
649.0
451.0
83.0
104.0
369.0
378.0
254.0
378.0
483.0
278.0
182.0
411.0
502.0
249.0
185.0
443.0
503.0
220.0
196.0
481.0
474.0
187.0
230.0
508.0
446.0
174.0
284.0
530.0
393.0
170.0
336.0
552.0
351.0
177.0
386.0
563.0
321.0
182.0
432.0
546.0
268.0
199.0
480.0
515.0
225.0
228.0
492.0
440.0
174.0
248.0
512.0
387.0
141.0
278.0
509.0
341.0
144.0
322.0
507.0
299.0
161.0
380.0
499.0
245.0
171.0
438.0
490.0
210.0
193.0
465.0
456.0
187.0
235.0
500.0
419.0
162.0
266.0
524.0
372.0
150.0
305.0
520.0
341.0
155.0
340.0
513.0
297.0
173.0
389.0
499.0
252.0
197.0
449.0
462.0
196.0
222.0
495.0
454.0
186.0
254.0
524.0
414.0
140.0
265.0
528.0
356.0
132.0
309.0
505.0
304.0
152.0
366.0
505.0
261.0
174.0
411.0
475.0
230.0
202.0
450.0
463.0
255.0
401.0
650.0
623.0
318.0
174.0
300.0
295.0
225.0
378.0
507.0
282.0
147.0
374.0
