321.0
344.0
324.0
343.0
374.0
347.0
301.0
341.0
373.0
363.0
304.0
302.0
358.0
393.0
348.0
301.0
309.0
390.0
366.0
288.0
325.0
379.0
341.0
318.0
366.0
370.0
330.0
342.0
371.0
381.0
358.0
341.0
342.0
324.0
339.0
354.0
364.0
336.0
290.0
320.0
396.0
353.0
300.0
360.0
377.0
321.0
317.0
356.0
343.0
308.0
363.0
496.0
610.0
613.0
509.0
324.0
182.0
145.0
278.0
425.0
350.0
245.0
297.0
387.0
364.0
283.0
295.0
376.0
354.0
296.0
330.0
376.0
335.0
313.0
363.0
389.0
328.0
308.0
363.0
381.0
340.0
336.0
387.0
367.0
331.0
358.0
411.0
383.0
335.0
352.0
416.0
401.0
384.0
404.0
392.0
346.0
345.0
426.0
409.0
337.0
324.0
367.0
351.0
267.0
313.0
380.0
339.0
298.0
301.0
353.0
344.0
317.0
317.0
338.0
306.0
310.0
352.0
377.0
334.0
322.0
362.0
352.0
300.0
319.0
352.0
349.0
331.0
350.0
364.0
343.0
307.0
340.0
388.0
343.0
320.0
348.0
349.0
318.0
338.0
348.0
360.0
339.0
306.0
339.0
370.0
289.0
288.0
380.0
404.0
320.0
284.0
346.0
369.0
332.0
307.0
365.0
362.0
305.0
322.0
402.0
375.0
292.0
311.0
361.0
321.0
333.0
361.0
338.0
300.0
306.0
352.0
350.0
282.0
258.0
319.0
367.0
346.0
331.0
339.0
314.0
281.0
409.0
591.0
644.0
543.0
375.0
248.0
166.0
202.0
316.0
398.0
296.0
257.0
313.0
343.0
304.0
312.0
347.0
343.0
311.0
294.0
320.0
362.0
307.0
316.0
383.0
351.0
297.0
339.0
391.0
370.0
318.0
346.0
390.0
349.0
332.0
369.0
397.0
346.0
342.0
416.0
413.0
352.0
357.0
421.0
415.0
374.0
371.0
408.0
385.0
344.0
348.0
378.0
367.0
326.0
354.0
391.0
357.0
295.0
328.0
362.0
313.0
283.0
336.0
381.0
307.0
289.0
341.0
358.0
301.0
285.0
353.0
354.0
309.0
304.0
346.0
333.0
286.0
327.0
392.0
351.0
269.0
256.0
351.0
385.0
327.0
313.0
339.0
311.0
298.0
350.0
362.0
291.0
294.0
353.0
355.0
282.0
298.0
368.0
347.0
286.0
281.0
338.0
347.0
314.0
345.0
349.0
304.0
269.0
324.0
394.0
363.0
303.0
314.0
319.0
275.0
292.0
330.0
308.0
277.0
263.0
287.0
323.0
318.0
306.0
315.0
321.0
288.0
273.0
316.0
341.0
309.0
308.0
407.0
534.0
606.0
572.0
357.0
134.0
98.0
212.0
323.0
313.0
275.0
293.0
300.0
274.0
271.0
300.0
309.0
276.0
281.0
291.0
290.0
302.0
307.0
310.0
299.0
295.0
295.0
301.0
286.0
283.0
300.0
319.0
300.0
286.0
298.0
307.0
302.0
291.0
311.0
314.0
297.0
296.0
295.0
301.0
303.0
276.0
257.0
254.0
267.0
262.0
230.0
190.0
183.0
177.0
168.0
154.0
141.0
156.0
144.0
101.0
84.0
114.0
132.0
93.0
61.0
57.0
64.0
71.0
48.0
20.0
15.0
34.0
57.0
48.0
24.0
0.0
0.0
0.0
0.0
0.0
0.0
0.0
0.0
0.0
0.0
0.0
0.0
0.0
0.0
0.0
0.0
0.0
0.0
0.0
0.0
0.0
0.0
0.0
0.0
0.0
0.0
0.0
0.0
0.0
0.0
0.0
0.0
0.0
0.0
0.0
0.0
0.0
0.0
0.0
0.0
0.0
0.0
0.0
0.0
0.0
0.0
0.0
0.0
0.0
0.0
0.0
0.0
0.0
0.0
0.0
0.0
0.0
0.0
0.0
0.0
0.0
0.0
0.0
0.0
0.0
0.0
0.0
0.0
0.0
0.0
0.0
0.0
0.0
0.0
0.0
0.0
0.0
0.0
0.0
0.0
0.0
0.0
0.0
0.0
0.0
0.0
0.0
0.0
0.0
0.0
0.0
0.0
0.0
0.0
0.0
7.0
102.0
338.0
406.0
223.0
0.0
0.0
0.0
0.0
0.0
10.0
66.0
131.0
144.0
115.0
131.0
173.0
160.0
137.0
140.0
156.0
168.0
199.0
193.0
171.0
180.0
206.0
224.0
199.0
190.0
235.0
267.0
243.0
226.0
249.0
282.0
291.0
291.0
299.0
310.0
305.0
305.0
342.0
360.0
340.0
333.0
349.0
375.0
368.0
359.0
358.0
358.0
341.0
345.0
351.0
346.0
323.0
341.0
369.0
347.0
336.0
348.0
365.0
362.0
361.0
361.0
354.0
337.0
333.0
335.0
331.0
326.0
329.0
336.0
330.0
320.0
347.0
363.0
355.0
350.0
356.0
376.0
361.0
357.0
386.0
402.0
367.0
364.0
384.0
382.0
370.0
384.0
398.0
407.0
386.0
387.0
408.0
403.0
383.0
403.0
412.0
398.0
404.0
417.0
419.0
403.0
392.0
413.0
437.0
420.0
389.0
398.0
416.0
397.0
397.0
423.0
404.0
379.0
399.0
409.0
404.0
411.0
413.0
405.0
394.0
382.0
405.0
434.0
429.0
467.0
609.0
664.0
635.0
441.0
221.0
200.0
310.0
398.0
391.0
356.0
358.0
388.0
400.0
368.0
322.0
362.0
419.0
386.0
331.0
336.0
362.0
373.0
361.0
350.0
348.0
344.0
339.0
343.0
339.0
332.0
329.0
336.0
328.0
322.0
323.0
329.0
324.0
301.0
308.0
326.0
308.0
285.0
284.0
298.0
295.0
266.0
259.0
268.0
233.0
203.0
212.0
203.0
183.0
