309.0
326.0
308.0
296.0
311.0
319.0
310.0
329.0
408.0
525.0
635.0
640.0
488.0
256.0
155.0
222.0
350.0
378.0
322.0
293.0
294.0
308.0
331.0
333.0
313.0
312.0
308.0
318.0
334.0
332.0
308.0
316.0
341.0
353.0
340.0
334.0
323.0
332.0
350.0
350.0
336.0
340.0
358.0
355.0
358.0
362.0
377.0
375.0
368.0
387.0
401.0
397.0
372.0
372.0
393.0
406.0
394.0
364.0
357.0
349.0
344.0
318.0
322.0
318.0
306.0
301.0
307.0
306.0
291.0
296.0
310.0
307.0
287.0
297.0
295.0
307.0
304.0
302.0
304.0
309.0
310.0
307.0
304.0
305.0
310.0
315.0
317.0
307.0
306.0
312.0
314.0
311.0
302.0
288.0
301.0
328.0
320.0
308.0
305.0
308.0
312.0
308.0
309.0
316.0
309.0
308.0
301.0
299.0
321.0
324.0
317.0
306.0
291.0
302.0
339.0
333.0
299.0
316.0
339.0
338.0
331.0
317.0
319.0
327.0
312.0
315.0
315.0
304.0
299.0
301.0
319.0
314.0
302.0
291.0
315.0
329.0
319.0
306.0
312.0
319.0
310.0
319.0
346.0
422.0
561.0
648.0
623.0
425.0
197.0
171.0
276.0
352.0
345.0
320.0
317.0
314.0
315.0
334.0
324.0
299.0
277.0
329.0
348.0
335.0
332.0
343.0
338.0
327.0
334.0
338.0
334.0
334.0
342.0
351.0
348.0
342.0
352.0
352.0
349.0
371.0
381.0
377.0
367.0
373.0
395.0
399.0
391.0
386.0
396.0
396.0
381.0
375.0
376.0
367.0
350.0
329.0
334.0
339.0
316.0
298.0
308.0
318.0
314.0
308.0
313.0
309.0
304.0
305.0
308.0
309.0
311.0
316.0
307.0
313.0
314.0
305.0
333.0
330.0
317.0
324.0
330.0
325.0
316.0
318.0
320.0
325.0
327.0
328.0
338.0
339.0
320.0
320.0
332.0
330.0
325.0
336.0
342.0
326.0
314.0
324.0
334.0
327.0
321.0
334.0
339.0
324.0
316.0
328.0
335.0
316.0
344.0
353.0
355.0
342.0
346.0
360.0
354.0
341.0
328.0
324.0
331.0
326.0
322.0
323.0
322.0
327.0
332.0
331.0
330.0
321.0
329.0
337.0
331.0
340.0
345.0
345.0
359.0
414.0
524.0
644.0
648.0
564.0
319.0
173.0
224.0
341.0
382.0
344.0
310.0
319.0
335.0
339.0
334.0
325.0
326.0
329.0
337.0
339.0
343.0
335.0
331.0
338.0
342.0
337.0
333.0
344.0
357.0
359.0
350.0
335.0
348.0
380.0
377.0
364.0
366.0
372.0
376.0
390.0
388.0
383.0
392.0
393.0
393.0
396.0
393.0
385.0
377.0
366.0
357.0
346.0
338.0
331.0
316.0
311.0
315.0
317.0
308.0
298.0
295.0
304.0
312.0
312.0
306.0
304.0
307.0
306.0
303.0
310.0
324.0
326.0
314.0
299.0
324.0
336.0
317.0
312.0
317.0
318.0
318.0
321.0
319.0
323.0
322.0
321.0
318.0
309.0
309.0
322.0
330.0
320.0
306.0
313.0
331.0
333.0
315.0
309.0
307.0
315.0
328.0
322.0
315.0
313.0
318.0
325.0
329.0
323.0
325.0
328.0
337.0
345.0
348.0
334.0
314.0
312.0
320.0
320.0
320.0
312.0
313.0
313.0
313.0
318.0
310.0
307.0
323.0
319.0
319.0
317.0
317.0
321.0
321.0
341.0
425.0
566.0
649.0
636.0
465.0
222.0
160.0
268.0
369.0
361.0
318.0
307.0
323.0
330.0
326.0
322.0
318.0
329.0
326.0
323.0
339.0
336.0
332.0
330.0
332.0
340.0
346.0
341.0
343.0
340.0
335.0
340.0
353.0
361.0
362.0
366.0
370.0
364.0
374.0
389.0
383.0
390.0
393.0
398.0
390.0
390.0
396.0
391.0
381.0
375.0
360.0
345.0
335.0
327.0
327.0
317.0
300.0
298.0
309.0
317.0
308.0
301.0
300.0
306.0
309.0
311.0
304.0
305.0
310.0
310.0
306.0
309.0
317.0
315.0
311.0
304.0
316.0
321.0
320.0
317.0
317.0
317.0
320.0
314.0
320.0
318.0
322.0
322.0
312.0
311.0
316.0
315.0
317.0
316.0
319.0
320.0
320.0
318.0
316.0
314.0
317.0
318.0
319.0
321.0
318.0
314.0
321.0
317.0
315.0
325.0
327.0
321.0
323.0
321.0
331.0
336.0
341.0
347.0
332.0
315.0
310.0
326.0
321.0
309.0
306.0
309.0
311.0
310.0
315.0
317.0
319.0
310.0
316.0
323.0
324.0
318.0
314.0
325.0
364.0
452.0
573.0
648.0
612.0
402.0
191.0
176.0
298.0
362.0
346.0
306.0
303.0
311.0
329.0
327.0
316.0
311.0
320.0
328.0
324.0
324.0
328.0
333.0
335.0
333.0
333.0
329.0
335.0
342.0
339.0
342.0
351.0
353.0
349.0
350.0
360.0
369.0
374.0
380.0
380.0
376.0
387.0
394.0
392.0
390.0
394.0
394.0
392.0
383.0
361.0
350.0
341.0
341.0
334.0
325.0
315.0
308.0
308.0
310.0
309.0
310.0
300.0
298.0
305.0
310.0
314.0
309.0
304.0
310.0
312.0
307.0
313.0
312.0
314.0
321.0
322.0
320.0
315.0
320.0
314.0
318.0
324.0
326.0
316.0
316.0
326.0
328.0
324.0
314.0
310.0
314.0
318.0
323.0
323.0
319.0
315.0
312.0
317.0
321.0
321.0
325.0
321.0
312.0
317.0
323.0
323.0
320.0
320.0
322.0
329.0
330.0
319.0
329.0
341.0
339.0
333.0
312.0
