4.0
390.0
39325.0
326.0
325.0
322.0
318.0
312.0
308.0
303.0
302.0
303.0
304.0
306.0
308.0
310.0
312.0
314.0
315.0
316.0
312.0
302.0
325.0
324.0
317.0
316.0
321.0
312.0
312.0
301.0
305.0
318.0
325.0
325.0
315.0
310.0
318.0
319.0
333.0
325.0
313.0
303.0
298.0
297.0
295.0
285.0
300.0
302.0
288.0
293.0
308.0
307.0
299.0
313.0
314.0
303.0
300.0
294.0
293.0
310.0
375.0
464.0
566.0
636.0
553.0
314.0
161.0
197.0
305.0
356.0
329.0
299.0
297.0
309.0
303.0
292.0
312.0
320.0
310.0
308.0
315.0
312.0
315.0
321.0
317.0
321.0
321.0
335.0
340.0
334.0
317.0
330.0
348.0
346.0
344.0
354.0
362.0
352.0
342.0
358.0
395.0
397.0
381.0
377.0
387.0
398.0
402.0
390.0
378.0
375.0
372.0
341.0
328.0
343.0
352.0
327.0
301.0
306.0
311.0
308.0
302.0
298.0
298.0
311.0
303.0
296.0
306.0
322.0
316.0
306.0
306.0
315.0
318.0
305.0
317.0
325.0
323.0
315.0
317.0
320.0
323.0
306.0
311.0
335.0
334.0
314.0
304.0
331.0
343.0
332.0
317.0
311.0
330.0
328.0
318.0
326.0
338.0
328.0
320.0
319.0
325.0
326.0
337.0
338.0
330.0
321.0
329.0
355.0
356.0
332.0
341.0
366.0
346.0
326.0
331.0
317.0
320.0
310.0
326.0
335.0
325.0
335.0
343.0
331.0
313.0
318.0
336.0
347.0
332.0
312.0
342.0
385.0
447.0
567.0
649.0
639.0
471.0
237.0
175.0
273.0
355.0
369.0
340.0
310.0
307.0
336.0
330.0
333.0
341.0
344.0
339.0
343.0
333.0
338.0
345.0
335.0
320.0
341.0
355.0
349.0
346.0
354.0
357.0
356.0
367.0
366.0
363.0
363.0
371.0
387.0
391.0
388.0
388.0
395.0
402.0
406.0
406.0
397.0
395.0
400.0
396.0
376.0
366.0
355.0
343.0
330.0
312.0
327.0
337.0
320.0
306.0
305.0
311.0
314.0
314.0
314.0
311.0
309.0
305.0
308.0
307.0
307.0
324.0
326.0
314.0
300.0
311.0
328.0
337.0
321.0
301.0
311.0
334.0
329.0
322.0
315.0
313.0
322.0
324.0
324.0
320.0
313.0
317.0
313.0
323.0
331.0
321.0
315.0
310.0
309.0
315.0
312.0
313.0
319.0
334.0
315.0
320.0
354.0
358.0
328.0
333.0
327.0
309.0
301.0
326.0
326.0
311.0
307.0
307.0
333.0
337.0
308.0
308.0
328.0
322.0
332.0
334.0
326.0
320.0
345.0
413.0
543.0
643.0
644.0
513.0
272.0
167.0
243.0
364.0
382.0
334.0
308.0
317.0
322.0
322.0
324.0
328.0
327.0
324.0
329.0
332.0
336.0
331.0
327.0
337.0
336.0
337.0
342.0
349.0
352.0
342.0
336.0
352.0
355.0
362.0
358.0
347.0
371.0
387.0
386.0
370.0
372.0
387.0
404.0
398.0
381.0
383.0
398.0
389.0
380.0
358.0
341.0
326.0
330.0
325.0
308.0
301.0
303.0
301.0
295.0
300.0
303.0
301.0
301.0
303.0
301.0
301.0
309.0
313.0
309.0
301.0
304.0
309.0
308.0
302.0
309.0
310.0
310.0
300.0
317.0
330.0
317.0
309.0
305.0
313.0
321.0
307.0
310.0
324.0
316.0
311.0
313.0
309.0
310.0
316.0
331.0
324.0
314.0
311.0
319.0
313.0
314.0
321.0
331.0
318.0
322.0
327.0
336.0
350.0
335.0
302.0
300.0
317.0
313.0
311.0
309.0
306.0
304.0
305.0
313.0
318.0
309.0
302.0
316.0
315.0
299.0
299.0
324.0
325.0
341.0
433.0
563.0
648.0
629.0
449.0
221.0
158.0
257.0
363.0
359.0
301.0
286.0
296.0
318.0
320.0
317.0
310.0
316.0
325.0
318.0
321.0
325.0
325.0
325.0
317.0
320.0
330.0
341.0
336.0
322.0
335.0
344.0
340.0
349.0
357.0
362.0
370.0
364.0
364.0
368.0
377.0
381.0
385.0
387.0
392.0
382.0
399.0
408.0
383.0
355.0
341.0
343.0
339.0
322.0
312.0
304.0
296.0
294.0
300.0
297.0
302.0
303.0
289.0
286.0
301.0
300.0
296.0
291.0
299.0
313.0
312.0
304.0
301.0
302.0
298.0
296.0
306.0
318.0
306.0
300.0
312.0
311.0
308.0
311.0
310.0
314.0
319.0
309.0
303.0
311.0
307.0
305.0
309.0
320.0
320.0
314.0
299.0
304.0
328.0
328.0
307.0
305.0
315.0
316.0
304.0
311.0
336.0
333.0
314.0
318.0
324.0
341.0
352.0
331.0
305.0
303.0
309.0
306.0
304.0
310.0
309.0
293.0
306.0
317.0
310.0
312.0
307.0
313.0
314.0
310.0
310.0
306.0
309.0
338.0
418.0
534.0
638.0
639.0
471.0
242.0
168.0
251.0
346.0
360.0
320.0
299.0
306.0
317.0
315.0
311.0
321.0
331.0
324.0
312.0
314.0
327.0
331.0
332.0
333.0
338.0
334.0
324.0
320.0
334.0
347.0
349.0
341.0
343.0
358.0
358.0
365.0
377.0
376.0
363.0
376.0
398.0
383.0
378.0
391.0
395.0
395.0
392.0
381.0
377.0
360.0
346.0
344.0
330.0
312.0
303.0
308.0
310.0
302.0
289.0
308.0
314.0
295.0
286.0
298.0
312.0
309.0
310.0
300.0
298.0
307.0
320.0
307.0
302.0
319.0
328.0
323.0
307.0
300.0
317.0
322.0
318.0
311.0
322.0
321.0
318.0
316.0
310.0
319.0
329.0
327.0
304.0
300.0
314.0
316.0
331.0
323.0
315.0
318.0
322.0
316.0
312.0
312.0
321.0
327.0
323.0
320.0
315.0
317.0
324.0
323.0
330.0
328.0
328.0
326.0
343.0
357.0
335.0
307.0
304.0
310.0
315.0
310.0
303.0
304.0
307.0
305.0
299.0
293.0
315.0
328.0
312.0
287.0
312.0
328.0
314.0
317.0
348.0
437.0
574.0
644.0
605.0
387.0
166.0
164.0
302.0
374.0
344.0
293.0
288.0
311.0
332.0
324.0
312.0
306.0
312.0
313.0
307.0
313.0
339.0
344.0
321.0
312.0
333.0
339.0
321.0
323.0
336.0
341.0
347.0
345.0
345.0
345.0
363.0
372.0
370.0
362.0
370.0
386.0
391.0
388.0
380.0
392.0
396.0
387.0
390.0
385.0
367.0
361.0
346.0
325.0
313.0
322.0
316.0
294.0
301.0
315.0
304.0
292.0
298.0
315.0
306.0
305.0
303.0
299.0
295.0
299.0
322.0
321.0
300.0
303.0
310.0
312.0
312.0
314.0
307.0
307.0
315.0
310.0
308.0
325.0
337.0
312.0
294.0
311.0
335.0
316.0
304.0
307.0
321.0
328.0
319.0
314.0
314.0
310.0
293.0
302.0
331.0
332.0
315.0
297.0
297.0
318.0
332.0
326.0
307.0
312.0
334.0
321.0
323.0
328.0
326.0
342.0
356.0
325.0
299.0
305.0
326.0
331.0
307.0
290.0
293.0
310.0
312.0
317.0
316.0
311.0
304.0
304.0
312.0
317.0
317.0
302.0
304.0
338.0
450.0
573.0
645.0
613.0
415.0
210.0
176.0
280.0
358.0
351.0
313.0
296.0
318.0
336.0
326.0
320.0
323.0
314.0
307.0
326.0
342.0
338.0
333.0
332.0
331.0
320.0
331.0
345.0
346.0
337.0
339.0
342.0
354.0
358.0
360.0
360.0
355.0
350.0
376.0
394.0
383.0
379.0
397.0
398.0
388.0
391.0
402.0
406.0
388.0
369.0
354.0
341.0
346.0
344.0
330.0
315.0
303.0
297.0
298.0
316.0
313.0
299.0
297.0
304.0
299.0
293.0
320.0
330.0
302.0
297.0
321.0
329.0
312.0
317.0
320.0
312.0
312.0
317.0
326.0
324.0
302.0
304.0
324.0
324.0
326.0
325.0
321.0
315.0
309.0
321.0
321.0
316.0
312.0
309.0
328.0
331.0
319.0
323.0
320.0
311.0
314.0
315.0
321.0
330.0
325.0
315.0
327.0
326.0
331.0
342.0
343.0
340.0
325.0
316.0
324.0
325.0
311.0
298.0
314.0
326.0
314.0
311.0
313.0
318.0
316.0
322.0
314.0
299.0
309.0
329.0
328.0
345.0
406.0
519.0
635.0
645.0
522.0
281.0
160.0
235.0
336.0
350.0
320.0
311.0
311.0
333.0
339.0
326.0
316.0
313.0
330.0
336.0
331.0
331.0
327.0
327.0
333.0
333.0
332.0
336.0
337.0
340.0
342.0
360.0
363.0
343.0
344.0
370.0
372.0
365.0
367.0
383.0
388.0
380.0
377.0
387.0
399.0
405.0
400.0
393.0
386.0
377.0
366.0
349.0
337.0
332.0
317.0
322.0
326.0
306.0
303.0
310.0
314.0
305.0
303.0
300.0
306.0
314.0
309.0
303.0
311.0
312.0
305.0
314.0
317.0
308.0
309.0
313.0
312.0
317.0
323.0
323.0
314.0
317.0
312.0
317.0
324.0
323.0
320.0
318.0
325.0
319.0
317.0
313.0
311.0
310.0
316.0
331.0
330.0
317.0
314.0
318.0
326.0
325.0
318.0
319.0
327.0
326.0
327.0
327.0
331.0
340.0
346.0
344.0
336.0
337.0
340.0
332.0
317.0
313.0
314.0
314.0
318.0
324.0
318.0
317.0
310.0
315.0
323.0
323.0
321.0
320.0
311.0
326.0
336.0
354.0
413.0
534.0
643.0
645.0
501.0
243.0
149.0
257.0
363.0
360.0
320.0
304.0
311.0
326.0
332.0
329.0
321.0
315.0
315.0
324.0
325.0
330.0
332.0
327.0
334.0
338.0
329.0
332.0
345.0
350.0
350.0
357.0
353.0
345.0
354.0
364.0
368.0
375.0
378.0
385.0
390.0
396.0
399.0
399.0
400.0
392.0
390.0
409.0
413.0
385.0
363.0
358.0
354.0
342.0
318.0
314.0
340.0
337.0
315.0
303.0
302.0
322.0
323.0
315.0
310.0
307.0
314.0
325.0
330.0
316.0
301.0
314.0
326.0
313.0
317.0
324.0
318.0
314.0
304.0
305.0
320.0
345.0
346.0
316.0
314.0
332.0
315.0
298.0
294.0
310.0
324.0
307.0
286.0
321.0
334.0
322.0
300.0
309.0
340.0
333.0
309.0
310.0
315.0
322.0
311.0
307.0
336.0
341.0
329.0
315.0
321.0
336.0
341.0
348.0
342.0
315.0
300.0
318.0
328.0
316.0
294.0
305.0
310.0
317.0
319.0
315.0
297.0
316.0
341.0
327.0
311.0
304.0
310.0
340.0
387.0
483.0
584.0
647.0
575.0
341.0
158.0
191.0
324.0
383.0
341.0
287.0
303.0
329.0
326.0
315.0
320.0
321.0
317.0
313.0
310.0
324.0
333.0
325.0
322.0
323.0
342.0
344.0
331.0
327.0
336.0
351.0
346.0
347.0
343.0
360.0
372.0
370.0
362.0
361.0
372.0
379.0
378.0
384.0
393.0
387.0
392.0
391.0
391.0
383.0
361.0
338.0
337.0
340.0
336.0
317.0
299.0
297.0
311.0
305.0
291.0
295.0
307.0
302.0
306.0
316.0
298.0
281.0
311.0
329.0
297.0
272.0
290.0
343.0
329.0
300.0
290.0
295.0
326.0
337.0
312.0
294.0
294.0
308.0
329.0
329.0
304.0
302.0
311.0
313.0
317.0
316.0
308.0
322.0
313.0
307.0
314.0
317.0
307.0
312.0
324.0
315.0
309.0
308.0
311.0
317.0
321.0
336.0
333.0
320.0
327.0
351.0
353.0
321.0
306.0
309.0
322.0
314.0
303.0
300.0
310.0
316.0
322.0
312.0
292.0
304.0
327.0
338.0
323.0
306.0
303.0
311.0
348.0
410.0
523.0
638.0
642.0
495.0
264.0
169.0
243.0
341.0
349.0
316.0
307.0
314.0
321.0
326.0
326.0
324.0
320.0
319.0
325.0
326.0
325.0
333.0
334.0
335.0
334.0
337.0
338.0
326.0
334.0
358.0
354.0
351.0
347.0
351.0
358.0
356.0
374.0
385.0
388.0
388.0
379.0
371.0
383.0
403.0
405.0
402.0
396.0
384.0
355.0
350.0
367.0
350.0
327.0
310.0
305.0
330.0
329.0
305.0
289.0
305.0
313.0
302.0
298.0
304.0
303.0
307.0
309.0
311.0
301.0
302.0
313.0
315.0
315.0
316.0
312.0
312.0
313.0
308.0
320.0
322.0
316.0
303.0
310.0
327.0
321.0
310.0
303.0
306.0
310.0
315.0
321.0
317.0
315.0
309.0
