331.0
275.0
322.0
363.0
326.0
307.0
343.0
352.0
319.0
323.0
356.0
350.0
314.0
321.0
364.0
354.0
322.0
339.0
363.0
330.0
313.0
350.0
369.0
331.0
315.0
355.0
375.0
325.0
308.0
350.0
364.0
323.0
320.0
360.0
357.0
320.0
327.0
362.0
351.0
328.0
338.0
365.0
351.0
324.0
355.0
393.0
361.0
308.0
328.0
357.0
331.0
312.0
335.0
344.0
317.0
307.0
346.0
352.0
315.0
314.0
340.0
341.0
322.0
336.0
359.0
326.0
314.0
388.0
529.0
598.0
581.0
459.0
249.0
111.0
163.0
312.0
369.0
307.0
272.0
325.0
352.0
297.0
294.0
351.0
350.0
314.0
318.0
353.0
337.0
313.0
340.0
380.0
352.0
318.0
348.0
380.0
349.0
325.0
363.0
400.0
364.0
332.0
367.0
395.0
369.0
355.0
391.0
400.0
367.0
368.0
405.0
392.0
356.0
374.0
410.0
373.0
323.0
345.0
377.0
339.0
300.0
326.0
352.0
322.0
305.0
334.0
338.0
306.0
306.0
345.0
344.0
302.0
304.0
354.0
355.0
318.0
311.0
344.0
340.0
315.0
329.0
359.0
341.0
318.0
339.0
368.0
329.0
304.0
348.0
367.0
329.0
309.0
343.0
358.0
325.0
327.0
370.0
351.0
301.0
319.0
367.0
344.0
305.0
324.0
365.0
343.0
305.0
325.0
364.0
338.0
308.0
342.0
367.0
330.0
315.0
353.0
357.0
320.0
322.0
371.0
368.0
332.0
342.0
368.0
343.0
304.0
323.0
363.0
329.0
288.0
318.0
356.0
340.0
310.0
324.0
346.0
321.0
309.0
356.0
369.0
302.0
281.0
352.0
417.0
474.0
562.0
637.0
504.0
211.0
92.0
171.0
305.0
333.0
314.0
320.0
309.0
293.0
317.0
353.0
329.0
301.0
330.0
365.0
335.0
308.0
339.0
372.0
354.0
326.0
348.0
371.0
341.0
336.0
381.0
379.0
330.0
339.0
394.0
385.0
344.0
364.0
408.0
389.0
349.0
370.0
412.0
387.0
359.0
394.0
407.0
365.0
353.0
389.0
382.0
322.0
310.0
348.0
349.0
306.0
297.0
336.0
337.0
310.0
324.0
338.0
316.0
292.0
323.0
358.0
332.0
308.0
335.0
350.0
319.0
307.0
340.0
361.0
325.0
315.0
351.0
352.0
324.0
335.0
362.0
339.0
302.0
324.0
367.0
351.0
316.0
329.0
358.0
343.0
315.0
339.0
366.0
339.0
312.0
338.0
363.0
328.0
313.0
361.0
370.0
310.0
297.0
353.0
366.0
322.0
322.0
370.0
368.0
306.0
307.0
363.0
366.0
327.0
340.0
388.0
374.0
328.0
341.0
361.0
326.0
312.0
351.0
362.0
309.0
296.0
344.0
355.0
316.0
312.0
352.0
355.0
320.0
322.0
355.0
345.0
317.0
338.0
423.0
513.0
567.0
599.0
474.0
203.0
84.0
174.0
350.0
365.0
293.0
296.0
338.0
341.0
318.0
317.0
340.0
321.0
321.0
360.0
357.0
323.0
341.0
387.0
359.0
309.0
340.0
402.0
357.0
312.0
350.0
397.0
370.0
340.0
374.0
403.0
372.0
349.0
390.0
427.0
376.0
353.0
400.0
415.0
369.0
364.0
418.0
404.0
340.0
350.0
398.0
360.0
310.0
334.0
369.0
331.0
295.0
319.0
351.0
325.0
303.0
335.0
358.0
325.0
314.0
347.0
351.0
316.0
322.0
359.0
350.0
321.0
323.0
356.0
349.0
318.0
336.0
375.0
359.0
320.0
344.0
366.0
334.0
314.0
357.0
379.0
334.0
311.0
364.0
376.0
322.0
317.0
370.0
370.0
320.0
325.0
363.0
360.0
322.0
329.0
367.0
349.0
319.0
343.0
375.0
350.0
327.0
353.0
374.0
338.0
321.0
358.0
384.0
345.0
336.0
388.0
380.0
316.0
310.0
364.0
367.0
316.0
314.0
360.0
350.0
318.0
323.0
351.0
335.0
318.0
351.0
370.0
329.0
313.0
350.0
375.0
384.0
465.0
597.0
639.0
451.0
205.0
141.0
222.0
310.0
349.0
348.0
317.0
296.0
330.0
367.0
328.0
295.0
337.0
377.0
339.0
308.0
346.0
380.0
347.0
326.0
364.0
374.0
336.0
336.0
383.0
389.0
341.0
348.0
397.0
388.0
357.0
361.0
404.0
390.0
350.0
387.0
430.0
383.0
342.0
389.0
428.0
385.0
348.0
384.0
398.0
346.0
320.0
344.0
348.0
307.0
318.0
348.0
329.0
291.0
306.0
354.0
338.0
289.0
306.0
356.0
322.0
296.0
330.0
357.0
324.0
306.0
343.0
363.0
323.0
305.0
341.0
373.0
330.0
306.0
351.0
359.0
311.0
315.0
364.0
363.0
304.0
311.0
364.0
346.0
302.0
327.0
368.0
349.0
307.0
321.0
369.0
337.0
301.0
347.0
367.0
321.0
299.0
344.0
366.0
332.0
315.0
347.0
351.0
320.0
330.0
367.0
353.0
317.0
341.0
391.0
361.0
306.0
314.0
349.0
327.0
309.0
340.0
346.0
308.0
300.0
346.0
346.0
308.0
309.0
342.0
342.0
312.0
316.0
347.0
345.0
353.0
471.0
615.0
600.0
412.0
229.0
170.0
204.0
269.0
328.0
341.0
300.0
286.0
328.0
348.0
313.0
308.0
348.0
352.0
312.0
313.0
363.0
353.0
312.0
325.0
370.0
355.0
324.0
343.0
374.0
348.0
333.0
370.0
397.0
356.0
328.0
373.0
404.0
364.0
346.0
394.0
408.0
359.0
353.0
400.0
404.0
360.0
354.0
389.0
371.0
326.0
333.0
361.0
335.0
294.0
321.0
352.0
