216.0
450.0
343.0
224.0
363.0
425.0
287.0
243.0
356.0
371.0
286.0
304.0
395.0
350.0
240.0
278.0
420.0
388.0
267.0
297.0
385.0
322.0
277.0
357.0
415.0
298.0
247.0
361.0
420.0
305.0
267.0
376.0
392.0
301.0
333.0
424.0
383.0
277.0
322.0
441.0
416.0
278.0
298.0
407.0
388.0
324.0
366.0
423.0
350.0
256.0
337.0
400.0
325.0
276.0
329.0
336.0
263.0
273.0
377.0
371.0
242.0
219.0
387.0
413.0
253.0
240.0
356.0
347.0
247.0
283.0
399.0
340.0
236.0
314.0
399.0
297.0
241.0
376.0
427.0
285.0
232.0
357.0
400.0
280.0
259.0
387.0
385.0
259.0
253.0
378.0
386.0
291.0
312.0
403.0
326.0
244.0
339.0
418.0
325.0
240.0
313.0
401.0
298.0
265.0
378.0
393.0
264.0
256.0
390.0
385.0
269.0
287.0
400.0
364.0
246.0
288.0
412.0
375.0
243.0
291.0
409.0
347.0
281.0
375.0
432.0
330.0
263.0
375.0
437.0
342.0
293.0
377.0
369.0
262.0
287.0
417.0
398.0
267.0
279.0
388.0
370.0
283.0
327.0
392.0
321.0
251.0
350.0
430.0
336.0
238.0
329.0
404.0
336.0
308.0
462.0
644.0
650.0
622.0
519.0
222.0
74.0
210.0
453.0
450.0
250.0
236.0
394.0
406.0
268.0
273.0
395.0
358.0
274.0
345.0
422.0
324.0
251.0
357.0
427.0
301.0
247.0
371.0
406.0
318.0
301.0
400.0
405.0
285.0
293.0
421.0
402.0
285.0
311.0
422.0
378.0
287.0
337.0
450.0
386.0
282.0
358.0
435.0
373.0
300.0
389.0
446.0
349.0
291.0
386.0
427.0
304.0
276.0
384.0
397.0
267.0
255.0
374.0
350.0
258.0
274.0
392.0
375.0
256.0
287.0
376.0
328.0
259.0
321.0
381.0
303.0
261.0
356.0
394.0
295.0
273.0
373.0
376.0
274.0
270.0
400.0
386.0
254.0
260.0
396.0
383.0
256.0
284.0
385.0
358.0
271.0
333.0
419.0
333.0
250.0
339.0
394.0
308.0
267.0
369.0
390.0
262.0
236.0
373.0
403.0
279.0
287.0
409.0
378.0
245.0
274.0
422.0
366.0
237.0
296.0
406.0
325.0
232.0
322.0
427.0
364.0
258.0
315.0
400.0
326.0
265.0
341.0
392.0
308.0
292.0
389.0
388.0
279.0
297.0
407.0
376.0
296.0
343.0
407.0
342.0
281.0
382.0
442.0
318.0
217.0
317.0
394.0
340.0
293.0
373.0
394.0
290.0
267.0
382.0
408.0
292.0
265.0
384.0
406.0
284.0
296.0
403.0
374.0
295.0
392.0
612.0
659.0
635.0
572.0
328.0
100.0
200.0
453.0
494.0
276.0
209.0
373.0
460.0
347.0
276.0
371.0
374.0
291.0
338.0
427.0
400.0
312.0
328.0
417.0
387.0
282.0
335.0
470.0
399.0
285.0
347.0
427.0
363.0
313.0
422.0
465.0
351.0
314.0
415.0
438.0
375.0
378.0
466.0
440.0
332.0
363.0
502.0
461.0
344.0
411.0
511.0
428.0
326.0
420.0
507.0
410.0
320.0
426.0
483.0
367.0
332.0
436.0
468.0
359.0
324.0
457.0
479.0
370.0
361.0
459.0
451.0
345.0
374.0
525.0
473.0
337.0
412.0
516.0
436.0
363.0
474.0
540.0
407.0
338.0
497.0
573.0
419.0
337.0
489.0
547.0
410.0
427.0
554.0
523.0
383.0
451.0
586.0
522.0
378.0
442.0
580.0
499.0
387.0
502.0
610.0
487.0
365.0
497.0
634.0
521.0
401.0
500.0
587.0
485.0
458.0
579.0
597.0
446.0
436.0
584.0
585.0
470.0
481.0
602.0
553.0
447.0
521.0
618.0
552.0
453.0
531.0
591.0
540.0
508.0
589.0
604.0
482.0
460.0
624.0
641.0
487.0
468.0
625.0
625.0
476.0
495.0
647.0
639.0
503.0
502.0
642.0
617.0
488.0
589.0
658.0
564.0
456.0
559.0
648.0
542.0
476.0
594.0
626.0
487.0
464.0
622.0
645.0
499.0
473.0
612.0
605.0
470.0
495.0
600.0
599.0
483.0
510.0
652.0
639.0
594.0
663.0
664.0
664.0
663.0
661.0
578.0
402.0
457.0
650.0
639.0
487.0
462.0
576.0
576.0
474.0
507.0
632.0
577.0
432.0
479.0
626.0
587.0
454.0
518.0
602.0
503.0
417.0
584.0
656.0
503.0
397.0
560.0
653.0
516.0
444.0
567.0
600.0
472.0
452.0
619.0
603.0
427.0
473.0
645.0
583.0
447.0
523.0
634.0
530.0
434.0
557.0
640.0
510.0
388.0
529.0
612.0
466.0
358.0
506.0
633.0
464.0
347.0
483.0
549.0
449.0
407.0
495.0
470.0
373.0
414.0
544.0
475.0
357.0
461.0
555.0
427.0
338.0
482.0
543.0
370.0
360.0
539.0
545.0
355.0
328.0
504.0
512.0
359.0
367.0
524.0
507.0
348.0
400.0
550.0
476.0
320.0
410.0
534.0
450.0
336.0
416.0
482.0
402.0
342.0
509.0
547.0
364.0
318.0
475.0
504.0
341.0
351.0
514.0
485.0
315.0
324.0
468.0
431.0
339.0
422.0
497.0
383.0
298.0
419.0
492.0
367.0
298.0
422.0
493.0
345.0
269.0
388.0
449.0
351.0
333.0
457.0
421.0
288.0
320.0
451.0
408.0
288.0
339.0
441.0
380.0
286.0
369.0
466.0
367.0
273.0
367.0
434.0
318.0
268.0
377.0
403.0
288.0
261.0
376.0
389.0
260.0
245.0
393.0
388.0
251.0
273.0
406.0
