120.0
342.0
648.0
386.0
148.0
455.0
646.0
337.0
194.0
562.0
637.0
295.0
227.0
618.0
618.0
274.0
276.0
646.0
568.0
212.0
305.0
649.0
490.0
149.0
356.0
648.0
434.0
136.0
404.0
648.0
369.0
148.0
479.0
644.0
304.0
170.0
550.0
622.0
250.0
203.0
599.0
587.0
214.0
265.0
640.0
519.0
160.0
318.0
649.0
453.0
132.0
350.0
647.0
393.0
136.0
415.0
644.0
313.0
126.0
460.0
605.0
231.0
131.0
497.0
547.0
148.0
128.0
501.0
482.0
94.0
96.0
395.0
539.0
173.0
74.0
351.0
542.0
213.0
82.0
316.0
487.0
201.0
89.0
321.0
485.0
191.0
64.0
290.0
496.0
205.0
16.0
219.0
427.0
152.0
0.0
50.0
207.0
86.0
0.0
0.0
0.0
0.0
0.0
0.0
0.0
0.0
0.0
0.0
0.0
0.0
0.0
0.0
0.0
0.0
0.0
0.0
0.0
0.0
0.0
0.0
0.0
0.0
0.0
0.0
0.0
0.0
0.0
0.0
0.0
0.0
0.0
0.0
0.0
0.0
0.0
0.0
0.0
0.0
0.0
0.0
0.0
0.0
0.0
0.0
0.0
0.0
0.0
0.0
0.0
0.0
0.0
0.0
0.0
0.0
0.0
0.0
0.0
0.0
0.0
0.0
0.0
0.0
0.0
0.0
0.0
0.0
0.0
0.0
0.0
0.0
0.0
0.0
0.0
0.0
0.0
0.0
0.0
0.0
0.0
0.0
0.0
0.0
0.0
0.0
0.0
0.0
0.0
0.0
0.0
0.0
0.0
0.0
0.0
0.0
0.0
0.0
0.0
0.0
0.0
0.0
0.0
0.0
54.0
271.0
385.0
170.0
133.0
427.0
502.0
232.0
226.0
544.0
555.0
234.0
292.0
642.0
561.0
263.0
391.0
649.0
533.0
297.0
494.0
649.0
504.0
325.0
570.0
648.0
477.0
357.0
634.0
647.0
456.0
408.0
649.0
638.0
428.0
437.0
650.0
635.0
440.0
492.0
650.0
602.0
411.0
548.0
649.0
583.0
433.0
608.0
649.0
560.0
450.0
648.0
648.0
510.0
458.0
649.0
647.0
501.0
478.0
649.0
645.0
488.0
516.0
650.0
602.0
346.0
220.0
0.0
0.0
0.0
0.0
0.0
0.0
0.0
0.0
0.0
0.0
0.0
0.0
0.0
0.0
0.0
0.0
0.0
0.0
0.0
0.0
0.0
0.0
0.0
0.0
0.0
0.0
0.0
0.0
0.0
0.0
0.0
0.0
0.0
0.0
0.0
0.0
0.0
0.0
0.0
0.0
0.0
0.0
0.0
0.0
0.0
0.0
0.0
0.0
0.0
0.0
0.0
0.0
0.0
0.0
0.0
0.0
0.0
0.0
0.0
0.0
0.0
0.0
0.0
0.0
0.0
0.0
0.0
0.0
0.0
0.0
0.0
0.0
0.0
0.0
0.0
0.0
0.0
0.0
0.0
0.0
0.0
0.0
0.0
0.0
0.0
0.0
0.0
0.0
0.0
0.0
0.0
0.0
0.0
0.0
0.0
0.0
0.0
0.0
0.0
0.0
0.0
0.0
0.0
0.0
0.0
0.0
0.0
0.0
0.0
0.0
0.0
0.0
0.0
0.0
0.0
0.0
0.0
0.0
0.0
0.0
60.0
214.0
252.0
131.0
156.0
328.0
334.0
202.0
258.0
424.0
386.0
264.0
359.0
509.0
425.0
319.0
448.0
571.0
441.0
367.0
547.0
624.0
446.0
404.0
611.0
638.0
470.0
451.0
647.0
634.0
503.0
522.0
648.0
624.0
521.0
593.0
648.0
625.0
558.0
641.0
648.0
640.0
601.0
648.0
649.0
643.0
644.0
649.0
649.0
647.0
648.0
650.0
649.0
648.0
649.0
650.0
649.0
649.0
650.0
650.0
650.0
650.0
650.0
650.0
650.0
651.0
651.0
651.0
650.0
651.0
651.0
651.0
651.0
651.0
651.0
651.0
651.0
651.0
651.0
650.0
650.0
650.0
650.0
650.0
649.0
649.0
649.0
630.0
530.0
592.0
648.0
593.0
515.0
628.0
647.0
576.0
524.0
649.0
647.0
581.0
555.0
648.0
646.0
578.0
586.0
649.0
645.0
580.0
606.0
648.0
640.0
562.0
614.0
648.0
610.0
519.0
603.0
646.0
556.0
484.0
617.0
644.0
511.0
447.0
638.0
645.0
516.0
475.0
615.0
619.0
474.0
482.0
648.0
634.0
509.0
532.0
648.0
583.0
472.0
574.0
648.0
586.0
491.0
581.0
647.0
568.0
495.0
630.0
646.0
548.0
520.0
648.0
643.0
531.0
525.0
649.0
635.0
514.0
540.0
648.0
613.0
492.0
562.0
648.0
604.0
485.0
581.0
647.0
565.0
487.0
640.0
648.0
571.0
522.0
647.0
640.0
518.0
514.0
648.0
634.0
494.0
509.0
648.0
630.0
514.0
553.0
648.0
609.0
503.0
576.0
648.0
613.0
529.0
615.0
648.0
636.0
649.0
650.0
651.0
651.0
650.0
649.0
628.0
484.0
524.0
649.0
647.0
574.0
563.0
647.0
617.0
510.0
596.0
649.0
633.0
553.0
630.0
648.0
609.0
542.0
648.0
648.0
613.0
574.0
648.0
647.0
589.0
583.0
648.0
646.0
575.0
576.0
649.0
637.0
545.0
591.0
649.0
643.0
562.0
607.0
648.0
606.0
514.0
605.0
647.0
554.0
459.0
593.0
646.0
523.0
463.0
612.0
635.0
478.0
463.0
639.0
612.0
435.0
470.0
648.0
589.0
418.0
509.0
648.0
545.0
382.0
515.0
648.0
543.0
400.0
519.0
617.0
496.0
410.0
567.0
625.0
437.0
395.0
569.0
598.0
390.0
393.0
628.0
589.0
402.0
415.0
562.0
508.0
352.0
463.0
