204.0
520.0
804.0
484.0
205.0
595.0
779.0
0.0
0.0
172.0
827.0
797.0
250.0
297.0
763.0
662.0
242.0
424.0
787.0
567.0
211.0
513.0
802.0
491.0
204.0
588.0
793.0
417.0
223.0
657.0
763.0
344.0
267.0
718.0
717.0
282.0
328.0
763.0
302.0
0.0
88.0
627.0
910.0
433.0
173.0
632.0
773.0
356.0
276.0
713.0
703.0
279.0
344.0
767.0
647.0
233.0
414.0
795.0
583.0
209.0
492.0
804.0
510.0
203.0
569.0
795.0
435.0
219.0
641.0
683.0
0.0
0.0
243.0
868.0
747.0
215.0
348.0
783.0
618.0
230.0
479.0
783.0
509.0
223.0
579.0
782.0
426.0
230.0
649.0
759.0
355.0
267.0
707.0
716.0
295.0
325.0
753.0
661.0
249.0
395.0
783.0
159.0
0.0
177.0
829.0
797.0
256.0
292.0
754.0
661.0
251.0
421.0
780.0
570.0
222.0
507.0
793.0
496.0
214.0
581.0
784.0
424.0
231.0
649.0
755.0
355.0
272.0
709.0
712.0
293.0
330.0
754.0
266.0
0.0
96.0
636.0
910.0
437.0
174.0
624.0
771.0
368.0
279.0
702.0
699.0
290.0
344.0
759.0
645.0
243.0
412.0
786.0
584.0
220.0
487.0
796.0
515.0
213.0
563.0
789.0
443.0
225.0
633.0
670.0
0.0
0.0
240.0
867.0
750.0
221.0
341.0
777.0
623.0
236.0
468.0
784.0
525.0
219.0
556.0
787.0
450.0
224.0
626.0
767.0
379.0
255.0
688.0
729.0
314.0
307.0
739.0
678.0
264.0
373.0
774.0
170.0
0.0
141.0
802.0
820.0
282.0
272.0
740.0
680.0
265.0
399.0
772.0
590.0
228.0
484.0
793.0
519.0
214.0
559.0
789.0
447.0
224.0
628.0
766.0
376.0
258.0
690.0
726.0
311.0
310.0
741.0
339.0
0.0
67.0
594.0
916.0
471.0
170.0
601.0
778.0
391.0
265.0
687.0
714.0
308.0
326.0
748.0
663.0
255.0
390.0
779.0
603.0
225.0
465.0
796.0
538.0
213.0
540.0
792.0
464.0
220.0
612.0
746.0
0.0
0.0
202.0
844.0
774.0
241.0
320.0
765.0
640.0
244.0
446.0
781.0
545.0
220.0
535.0
791.0
470.0
219.0
606.0
777.0
400.0
243.0
671.0
742.0
332.0
291.0
727.0
693.0
276.0
353.0
766.0
252.0
0.0
110.0
772.0
838.0
307.0
254.0
724.0
694.0
277.0
379.0
766.0
607.0
233.0
462.0
792.0
539.0
214.0
537.0
793.0
468.0
218.0
609.0
775.0
397.0
245.0
674.0
740.0
329.0
294.0
729.0
424.0
0.0
42.0
552.0
918.0
500.0
169.0
577.0
783.0
412.0
256.0
671.0
726.0
323.0
308.0
736.0
679.0
266.0
369.0
773.0
622.0
232.0
442.0
791.0
557.0
216.0
519.0
794.0
485.0
216.0
593.0
777.0
0.0
0.0
166.0
819.0
796.0
262.0
299.0
752.0
656.0
252.0
426.0
778.0
563.0
222.0
513.0
793.0
491.0
215.0
586.0
783.0
421.0
233.0
653.0
754.0
351.0
276.0
711.0
708.0
290.0
333.0
756.0
309.0
0.0
77.0
609.0
904.0
447.0
185.0
625.0
762.0
365.0
285.0
708.0
695.0
287.0
349.0
762.0
641.0
241.0
418.0
787.0
579.0
219.0
492.0
795.0
510.0
214.0
568.0
787.0
438.0
227.0
638.0
735.0
0.0
0.0
215.0
847.0
753.0
233.0
349.0
771.0
614.0
237.0
476.0
784.0
518.0
219.0
562.0
787.0
444.0
225.0
631.0
766.0
374.0
258.0
693.0
726.0
310.0
312.0
743.0
674.0
260.0
379.0
777.0
219.0
0.0
131.0
790.0
817.0
287.0
280.0
739.0
673.0
264.0
406.0
774.0
583.0
226.0
490.0
793.0
513.0
214.0
564.0
789.0
442.0
225.0
634.0
763.0
371.0
261.0
695.0
723.0
307.0
315.0
745.0
371.0
0.0
54.0
573.0
909.0
477.0
179.0
602.0
770.0
386.0
272.0
692.0
709.0
302.0
330.0
751.0
659.0
251.0
395.0
782.0
600.0
224.0
469.0
795.0
532.0
213.0
546.0
792.0
458.0
221.0
618.0
764.0
0.0
0.0
192.0
835.0
773.0
245.0
326.0
764.0
633.0
243.0
454.0
782.0
538.0
218.0
539.0
790.0
467.0
222.0
612.0
774.0
394.0
246.0
676.0
739.0
328.0
295.0
730.0
690.0
273.0
358.0
768.0
275.0
0.0
103.0
763.0
835.0
309.0
262.0
725.0
687.0
275.0
386.0
768.0
602.0
231.0
468.0
793.0
534.0
214.0
542.0
793.0
463.0
219.0
614.0
773.0
393.0
248.0
678.0
737.0
325.0
298.0
732.0
447.0
0.0
34.0
535.0
911.0
506.0
176.0
580.0
777.0
405.0
260.0
676.0
722.0
318.0
312.0
740.0
675.0
263.0
374.0
775.0
618.0
230.0
447.0
792.0
552.0
215.0
524.0
794.0
480.0
217.0
598.0
778.0
0.0
0.0
152.0
805.0
796.0
269.0
307.0
750.0
649.0
252.0
434.0
779.0
558.0
221.0
519.0
793.0
486.0
216.0
591.0
782.0
416.0
235.0
658.0
751.0
347.0
279.0
715.0
704.0
288.0
339.0
759.0
326.0
0.0
69.0
596.0
898.0
451.0
193.0
626.0
754.0
360.0
292.0
712.0
690.0
283.0
355.0
764.0
636.0
239.0
424.0
789.0
575.0
217.0
497.0
794.0
504.0
216.0
576.0
786.0
431.0
229.0
644.0
745.0
0.0
0.0
201.0
833.0
751.0
241.0
357.0
767.0
605.0
238.0
484.0
784.0
511.0
219.0
569.0
785.0
438.0
227.0
