0.0
0.0
0.0
0.0
0.0
0.0
0.0
0.0
0.0
0.0
0.0
0.0
130.0
429.0
467.0
321.0
256.0
318.0
362.0
342.0
320.0
330.0
334.0
328.0
333.0
344.0
332.0
321.0
332.0
344.0
328.0
320.0
334.0
330.0
0.0
0.0
0.0
0.0
0.0
0.0
0.0
0.0
0.0
0.0
0.0
0.0
0.0
0.0
0.0
0.0
0.0
0.0
0.0
0.0
0.0
0.0
0.0
0.0
0.0
0.0
0.0
0.0
0.0
0.0
0.0
0.0
0.0
0.0
0.0
0.0
0.0
0.0
0.0
0.0
0.0
0.0
0.0
0.0
0.0
0.0
0.0
0.0
0.0
0.0
0.0
0.0
0.0
0.0
0.0
0.0
0.0
0.0
0.0
0.0
0.0
0.0
0.0
0.0
0.0
0.0
0.0
0.0
0.0
0.0
0.0
0.0
0.0
0.0
0.0
0.0
32.0
0.0
0.0
0.0
13.0
547.0
587.0
0.0
0.0
225.0
658.0
647.0
213.0
657.0
658.0
658.0
656.0
658.0
659.0
659.0
658.0
659.0
659.0
659.0
658.0
658.0
659.0
659.0
659.0
658.0
659.0
659.0
658.0
659.0
659.0
659.0
659.0
659.0
659.0
659.0
658.0
659.0
659.0
659.0
659.0
659.0
659.0
659.0
659.0
659.0
659.0
659.0
659.0
659.0
659.0
659.0
659.0
659.0
659.0
658.0
660.0
659.0
659.0
659.0
659.0
659.0
659.0
659.0
659.0
659.0
659.0
658.0
659.0
659.0
659.0
659.0
659.0
659.0
659.0
659.0
659.0
659.0
658.0
659.0
659.0
659.0
659.0
659.0
659.0
659.0
659.0
659.0
659.0
658.0
659.0
659.0
659.0
659.0
658.0
659.0
659.0
658.0
659.0
659.0
659.0
658.0
659.0
659.0
659.0
658.0
659.0
659.0
658.0
658.0
659.0
659.0
658.0
658.0
659.0
657.0
656.0
658.0
658.0
442.0
266.0
658.0
636.0
0.0
0.0
297.0
657.0
323.0
0.0
0.0
230.0
325.0
0.0
0.0
0.0
0.0
0.0
0.0
0.0
0.0
0.0
0.0
0.0
0.0
0.0
0.0
0.0
0.0
0.0
0.0
0.0
0.0
0.0
0.0
0.0
0.0
0.0
0.0
0.0
0.0
0.0
0.0
0.0
0.0
0.0
0.0
0.0
0.0
0.0
0.0
0.0
0.0
0.0
0.0
0.0
0.0
0.0
0.0
0.0
0.0
0.0
0.0
0.0
0.0
0.0
0.0
0.0
0.0
0.0
0.0
0.0
0.0
0.0
0.0
0.0
0.0
0.0
0.0
0.0
0.0
0.0
0.0
0.0
0.0
0.0
0.0
0.0
0.0
0.0
0.0
0.0
0.0
0.0
0.0
0.0
0.0
0.0
0.0
0.0
0.0
0.0
0.0
0.0
0.0
0.0
0.0
0.0
0.0
0.0
0.0
0.0
0.0
0.0
0.0
0.0
0.0
0.0
0.0
0.0
0.0
0.0
0.0
0.0
0.0
0.0
0.0
0.0
0.0
0.0
0.0
0.0
0.0
0.0
0.0
0.0
0.0
0.0
0.0
0.0
0.0
0.0
0.0
0.0
0.0
0.0
0.0
0.0
0.0
0.0
0.0
0.0
0.0
0.0
0.0
0.0
0.0
0.0
0.0
0.0
0.0
0.0
0.0
0.0
0.0
0.0
0.0
0.0
0.0
0.0
0.0
0.0
0.0
0.0
0.0
0.0
0.0
0.0
0.0
0.0
0.0
0.0
0.0
0.0
0.0
0.0
0.0
0.0
0.0
0.0
0.0
0.0
0.0
0.0
0.0
0.0
0.0
0.0
0.0
0.0
0.0
0.0
0.0
0.0
0.0
0.0
0.0
0.0
0.0
0.0
0.0
0.0
0.0
0.0
0.0
0.0
0.0
0.0
0.0
0.0
0.0
0.0
0.0
0.0
0.0
0.0
0.0
0.0
0.0
0.0
0.0
0.0
0.0
0.0
0.0
0.0
0.0
0.0
0.0
0.0
0.0
0.0
0.0
0.0
0.0
0.0
0.0
0.0
0.0
0.0
0.0
0.0
0.0
0.0
45.0
0.0
0.0
0.0
0.0
62.0
225.0
0.0
0.0
0.0
24.0
309.0
0.0
0.0
0.0
0.0
252.0
388.0
0.0
0.0
0.0
307.0
488.0
0.0
0.0
4.0
364.0
594.0
0.0
0.0
0.0
316.0
608.0
0.0
0.0
6.0
439.0
656.0
139.0
0.0
303.0
658.0
356.0
0.0
158.0
658.0
591.0
0.0
59.0
658.0
658.0
467.0
168.0
658.0
658.0
385.0
221.0
658.0
594.0
0.0
0.0
400.0
658.0
543.0
0.0
193.0
658.0
649.0
121.0
416.0
658.0
640.0
153.0
587.0
658.0
591.0
167.0
658.0
658.0
651.0
453.0
658.0
658.0
493.0
344.0
658.0
658.0
556.0
617.0
658.0
658.0
451.0
592.0
658.0
656.0
306.0
656.0
658.0
588.0
160.0
658.0
658.0
597.0
294.0
658.0
658.0
655.0
658.0
658.0
659.0
657.0
657.0
658.0
658.0
567.0
658.0
658.0
658.0
625.0
658.0
659.0
658.0
626.0
658.0
658.0
657.0
534.0
658.0
658.0
640.0
467.0
658.0
658.0
567.0
491.0
658.0
657.0
305.0
482.0
659.0
658.0
605.0
658.0
658.0
658.0
542.0
658.0
658.0
655.0
454.0
658.0
658.0
654.0
545.0
658.0
658.0
614.0
579.0
658.0
658.0
556.0
625.0
658.0
657.0
423.0
637.0
658.0
654.0
268.0
657.0
658.0
638.0
216.0
657.0
657.0
339.0
19.0
658.0
659.0
581.0
169.0
658.0
658.0
453.0
196.0
659.0
658.0
375.0
282.0
658.0
657.0
390.0
478.0
658.0
656.0
279.0
597.0
658.0
653.0
267.0
658.0
658.0
593.0
197.0
658.0
658.0
505.0
182.0
658.0
657.0
420.0
229.0
658.0
656.0
258.0
272.0
659.0
653.0
162.0
441.0
658.0
623.0
110.0
598.0
658.0
555.0
71.0
536.0
658.0
561.0
64.0
456.0
658.0
526.0
0.0
183.0
658.0
653.0
150.0
440.0
659.0
656.0
333.0
658.0
659.0
657.0
554.0
658.0
658.0
656.0
501.0
658.0
657.0
269.0
80.0
658.0
658.0
373.0
69.0
658.0
658.0
411.0
58.0
657.0
657.0
389.0
15.0
657.0
658.0
513.0
93.0
654.0
658.0
618.0
446.0
658.0
658.0
494.0
195.0
658.0
658.0
567.0
470.0
658.0
656.0
288.0
360.0
658.0
620.0
36.0
227.0
658.0
645.0
52.0
147.0
659.0
652.0
93.0
120.0
658.0
652.0
67.0
