313.0
319.0
314.0
308.0
311.0
330.0
330.0
312.0
313.0
331.0
351.0
418.0
535.0
643.0
637.0
483.0
254.0
173.0
249.0
345.0
359.0
335.0
319.0
311.0
320.0
326.0
322.0
329.0
326.0
323.0
333.0
332.0
335.0
331.0
330.0
332.0
339.0
338.0
338.0
334.0
340.0
339.0
352.0
355.0
352.0
353.0
363.0
362.0
370.0
374.0
384.0
386.0
374.0
388.0
405.0
394.0
387.0
392.0
408.0
404.0
381.0
363.0
353.0
351.0
344.0
324.0
314.0
312.0
307.0
310.0
309.0
305.0
312.0
305.0
299.0
295.0
312.0
317.0
311.0
307.0
306.0
309.0
304.0
306.0
316.0
318.0
313.0
315.0
306.0
317.0
323.0
319.0
314.0
321.0
312.0
306.0
315.0
325.0
322.0
315.0
312.0
316.0
312.0
313.0
321.0
319.0
319.0
319.0
314.0
315.0
317.0
318.0
322.0
318.0
314.0
312.0
313.0
318.0
321.0
321.0
314.0
312.0
320.0
328.0
324.0
317.0
316.0
326.0
327.0
321.0
322.0
314.0
320.0
330.0
330.0
323.0
337.0
338.0
326.0
317.0
318.0
329.0
323.0
311.0
308.0
314.0
311.0
319.0
327.0
311.0
294.0
326.0
338.0
329.0
317.0
309.0
308.0
329.0
385.0
481.0
590.0
647.0
572.0
357.0
190.0
206.0
314.0
369.0
340.0
310.0
316.0
322.0
326.0
327.0
321.0
315.0
298.0
339.0
357.0
340.0
321.0
320.0
324.0
339.0
348.0
340.0
332.0
332.0
344.0
354.0
349.0
338.0
356.0
375.0
368.0
359.0
363.0
373.0
381.0
381.0
387.0
395.0
401.0
394.0
389.0
397.0
394.0
393.0
389.0
370.0
349.0
333.0
333.0
332.0
312.0
302.0
307.0
311.0
311.0
304.0
305.0
310.0
298.0
301.0
313.0
317.0
313.0
304.0
302.0
307.0
314.0
314.0
313.0
320.0
311.0
310.0
319.0
322.0
314.0
308.0
313.0
324.0
321.0
314.0
304.0
302.0
327.0
323.0
315.0
320.0
321.0
312.0
309.0
318.0
324.0
319.0
318.0
312.0
305.0
311.0
318.0
324.0
322.0
315.0
317.0
318.0
322.0
320.0
320.0
313.0
315.0
321.0
326.0
317.0
318.0
310.0
318.0
326.0
325.0
321.0
318.0
327.0
330.0
331.0
324.0
331.0
330.0
322.0
322.0
310.0
309.0
317.0
308.0
311.0
324.0
323.0
317.0
307.0
305.0
327.0
334.0
325.0
300.0
311.0
322.0
346.0
404.0
510.0
625.0
644.0
516.0
290.0
173.0
226.0
329.0
361.0
343.0
318.0
311.0
315.0
322.0
332.0
326.0
319.0
321.0
338.0
334.0
324.0
325.0
332.0
338.0
336.0
323.0
330.0
351.0
347.0
339.0
332.0
348.0
361.0
359.0
349.0
368.0
371.0
365.0
364.0
373.0
397.0
402.0
390.0
384.0
396.0
407.0
399.0
379.0
388.0
382.0
365.0
352.0
340.0
320.0
316.0
321.0
316.0
313.0
315.0
308.0
301.0
297.0
307.0
318.0
312.0
303.0
300.0
313.0
315.0
315.0
299.0
288.0
319.0
329.0
319.0
306.0
318.0
328.0
320.0
307.0
308.0
328.0
330.0
314.0
306.0
315.0
326.0
326.0
312.0
311.0
327.0
319.0
309.0
329.0
326.0
314.0
322.0
327.0
316.0
305.0
316.0
335.0
326.0
318.0
312.0
315.0
325.0
322.0
321.0
322.0
322.0
320.0
320.0
317.0
318.0
325.0
322.0
328.0
336.0
326.0
333.0
329.0
319.0
310.0
314.0
324.0
316.0
310.0
313.0
314.0
313.0
314.0
328.0
328.0
308.0
304.0
320.0
329.0
318.0
301.0
330.0
409.0
519.0
629.0
646.0
531.0
292.0
177.0
242.0
328.0
344.0
324.0
314.0
310.0
313.0
332.0
341.0
328.0
317.0
320.0
327.0
331.0
328.0
330.0
337.0
338.0
332.0
326.0
334.0
336.0
344.0
342.0
345.0
351.0
353.0
351.0
354.0
361.0
361.0
369.0
379.0
368.0
382.0
386.0
389.0
389.0
381.0
383.0
396.0
394.0
379.0
367.0
361.0
354.0
342.0
325.0
319.0
323.0
327.0
314.0
303.0
306.0
309.0
305.0
296.0
311.0
322.0
316.0
309.0
306.0
313.0
314.0
311.0
317.0
318.0
316.0
308.0
300.0
316.0
331.0
328.0
318.0
313.0
313.0
319.0
320.0
315.0
315.0
316.0
315.0
327.0
322.0
313.0
317.0
319.0
317.0
318.0
329.0
320.0
301.0
301.0
322.0
334.0
327.0
314.0
309.0
313.0
330.0
329.0
317.0
314.0
324.0
322.0
314.0
304.0
314.0
338.0
336.0
322.0
313.0
309.0
325.0
333.0
327.0
322.0
325.0
335.0
332.0
325.0
329.0
330.0
324.0
323.0
322.0
313.0
307.0
319.0
326.0
321.0
317.0
309.0
318.0
333.0
330.0
321.0
318.0
314.0
323.0
354.0
437.0
555.0
648.0
638.0
472.0
230.0
167.0
266.0
360.0
366.0
321.0
308.0
319.0
334.0
330.0
317.0
317.0
318.0
319.0
324.0
349.0
341.0
318.0
324.0
342.0
345.0
329.0
328.0
338.0
345.0
345.0
349.0
351.0
352.0
361.0
352.0
356.0
372.0
378.0
376.0
382.0
380.0
382.0
394.0
407.0
403.0
392.0
385.0
383.0
393.0
383.0
363.0
336.0
323.0
319.0
320.0
318.0
308.0
303.0
302.0
310.0
309.0
303.0
304.0
305.0
308.0
309.0
308.0
308.0
306.0
