313.0
322.0
334.0
346.0
359.0
372.0
382.0
387.0
386.0
378.0
357.0
288.0
329.0
387.0
354.0
306.0
351.0
394.0
332.0
291.0
357.0
396.0
317.0
292.0
359.0
383.0
310.0
315.0
383.0
381.0
292.0
307.0
386.0
387.0
310.0
343.0
417.0
367.0
278.0
319.0
387.0
342.0
276.0
328.0
387.0
327.0
294.0
357.0
383.0
304.0
306.0
382.0
386.0
320.0
327.0
382.0
381.0
342.0
456.0
653.0
678.0
574.0
357.0
210.0
179.0
256.0
379.0
415.0
314.0
269.0
345.0
401.0
326.0
280.0
350.0
392.0
323.0
316.0
381.0
392.0
305.0
312.0
387.0
383.0
320.0
360.0
420.0
372.0
312.0
364.0
438.0
387.0
332.0
405.0
453.0
372.0
347.0
432.0
460.0
374.0
363.0
438.0
455.0
368.0
366.0
422.0
412.0
332.0
341.0
388.0
366.0
292.0
315.0
381.0
346.0
278.0
320.0
369.0
315.0
284.0
354.0
379.0
309.0
293.0
359.0
391.0
309.0
309.0
380.0
389.0
298.0
312.0
382.0
378.0
298.0
326.0
385.0
356.0
288.0
340.0
398.0
338.0
286.0
343.0
399.0
342.0
303.0
350.0
389.0
324.0
314.0
371.0
375.0
301.0
293.0
371.0
378.0
282.0
296.0
374.0
358.0
298.0
333.0
388.0
348.0
300.0
349.0
408.0
342.0
299.0
358.0
409.0
344.0
316.0
373.0
388.0
309.0
302.0
367.0
372.0
292.0
323.0
385.0
361.0
294.0
333.0
383.0
350.0
288.0
340.0
399.0
339.0
272.0
326.0
414.0
439.0
534.0
679.0
643.0
347.0
128.0
180.0
331.0
351.0
333.0
356.0
353.0
299.0
329.0
378.0
355.0
298.0
341.0
395.0
355.0
308.0
353.0
399.0
340.0
299.0
368.0
419.0
353.0
320.0
382.0
414.0
339.0
334.0
405.0
423.0
336.0
347.0
424.0
421.0
339.0
372.0
455.0
431.0
368.0
406.0
452.0
402.0
346.0
378.0
415.0
345.0
301.0
354.0
379.0
302.0
270.0
337.0
371.0
292.0
285.0
356.0
360.0
297.0
314.0
371.0
351.0
281.0
319.0
384.0
345.0
280.0
335.0
380.0
314.0
251.0
328.0
394.0
325.0
276.0
333.0
377.0
322.0
319.0
370.0
372.0
282.0
312.0
388.0
367.0
289.0
315.0
385.0
358.0
284.0
326.0
373.0
325.0
266.0
329.0
386.0
327.0
297.0
351.0
384.0
318.0
304.0
363.0
372.0
295.0
308.0
367.0
367.0
289.0
307.0
390.0
373.0
293.0
321.0
386.0
362.0
297.0
328.0
366.0
326.0
299.0
339.0
368.0
301.0
276.0
358.0
381.0
272.0
260.0
350.0
376.0
288.0
308.0
400.0
482.0
581.0
657.0
579.0
297.0
61.0
107.0
333.0
403.0
287.0
284.0
356.0
312.0
268.0
330.0
363.0
324.0
288.0
332.0
378.0
322.0
298.0
347.0
374.0
307.0
313.0
372.0
383.0
315.0
324.0
390.0
380.0
315.0
359.0
413.0
380.0
317.0
376.0
434.0
386.0
351.0
404.0
457.0
394.0
352.0
420.0
452.0
346.0
316.0
368.0
404.0
328.0
310.0
372.0
375.0
267.0
283.0
363.0
364.0
298.0
320.0
382.0
337.0
301.0
344.0
394.0
324.0
290.0
348.0
401.0
322.0
284.0
357.0
392.0
325.0
282.0
360.0
387.0
332.0
331.0
388.0
387.0
310.0
319.0
412.0
375.0
277.0
317.0
407.0
366.0
286.0
328.0
406.0
348.0
299.0
345.0
387.0
350.0
345.0
376.0
383.0
322.0
337.0
398.0
398.0
297.0
331.0
406.0
392.0
316.0
348.0
404.0
364.0
336.0
392.0
413.0
337.0
315.0
379.0
405.0
325.0
316.0
374.0
383.0
305.0
307.0
383.0
388.0
308.0
321.0
393.0
403.0
306.0
311.0
411.0
436.0
472.0
661.0
681.0
591.0
294.0
168.0
256.0
312.0
322.0
374.0
396.0
316.0
309.0
397.0
423.0
325.0
324.0
413.0
426.0
343.0
370.0
440.0
411.0
337.0
374.0
447.0
403.0
339.0
382.0
447.0
414.0
372.0
410.0
440.0
405.0
378.0
439.0
459.0
390.0
413.0
486.0
465.0
384.0
407.0
503.0
479.0
364.0
384.0
466.0
444.0
345.0
360.0
426.0
379.0
314.0
368.0
418.0
361.0
327.0
393.0
423.0
351.0
335.0
404.0
416.0
347.0
341.0
411.0
417.0
342.0
357.0
429.0
393.0
320.0
364.0
435.0
392.0
360.0
395.0
428.0
381.0
349.0
407.0
427.0
335.0
304.0
401.0
455.0
343.0
299.0
414.0
442.0
325.0
313.0
397.0
408.0
339.0
361.0
417.0
384.0
324.0
373.0
422.0
358.0
303.0
373.0
442.0
362.0
307.0
366.0
423.0
363.0
337.0
400.0
443.0
352.0
314.0
394.0
416.0
334.0
334.0
386.0
385.0
328.0
360.0
405.0
361.0
307.0
356.0
421.0
371.0
325.0
375.0
413.0
383.0
440.0
631.0
681.0
677.0
522.0
263.0
174.0
284.0
429.0
464.0
392.0
339.0
377.0
433.0
407.0
364.0
391.0
440.0
399.0
360.0
412.0
446.0
398.0
372.0
414.0
434.0
406.0
392.0
420.0
429.0
403.0
403.0
434.0
440.0
407.0
403.0
450.0
449.0
410.0
411.0
461.0
455.0
425.0
434.0
477.0
438.0
402.0
416.0
435.0
406.0
367.0
369.0
392.0
366.0
346.0
377.0
384.0
346.0
342.0
371.0
379.0
351.0
