3328.0
329.0
329.0
330.0
331.0
332.0
331.0
330.0
328.0
327.0
327.0
327.0
327.0
329.0
332.0
334.0
335.0
336.0
342.0
345.0
333.0
324.0
338.0
350.0
347.0
347.0
351.0
352.0
354.0
363.0
372.0
378.0
379.0
375.0
379.0
389.0
390.0
397.0
399.0
393.0
388.0
375.0
372.0
357.0
350.0
345.0
331.0
315.0
312.0
318.0
313.0
315.0
314.0
305.0
306.0
306.0
303.0
308.0
315.0
314.0
305.0
311.0
322.0
313.0
309.0
309.0
314.0
320.0
323.0
317.0
307.0
314.0
323.0
319.0
307.0
316.0
319.0
315.0
313.0
317.0
315.0
304.0
316.0
328.0
328.0
315.0
309.0
319.0
328.0
321.0
312.0
307.0
316.0
324.0
323.0
330.0
330.0
320.0
338.0
352.0
335.0
316.0
319.0
320.0
318.0
315.0
305.0
300.0
302.0
313.0
318.0
315.0
315.0
307.0
311.0
316.0
317.0
316.0
308.0
313.0
348.0
446.0
578.0
649.0
614.0
412.0
209.0
176.0
277.0
355.0
347.0
310.0
306.0
313.0
312.0
316.0
318.0
314.0
310.0
320.0
330.0
327.0
321.0
316.0
325.0
328.0
317.0
322.0
341.0
340.0
338.0
337.0
338.0
347.0
351.0
352.0
353.0
365.0
368.0
368.0
374.0
372.0
381.0
393.0
393.0
392.0
392.0
388.0
385.0
386.0
369.0
351.0
344.0
341.0
335.0
318.0
300.0
296.0
307.0
322.0
315.0
295.0
296.0
312.0
306.0
303.0
305.0
309.0
308.0
307.0
304.0
306.0
305.0
308.0
309.0
312.0
310.0
314.0
317.0
315.0
314.0
305.0
310.0
319.0
319.0
318.0
314.0
310.0
311.0
316.0
314.0
314.0
319.0
316.0
314.0
318.0
315.0
307.0
313.0
317.0
316.0
317.0
314.0
310.0
321.0
325.0
319.0
317.0
315.0
330.0
342.0
343.0
325.0
317.0
318.0
318.0
313.0
307.0
313.0
322.0
312.0
300.0
314.0
321.0
316.0
312.0
311.0
317.0
316.0
320.0
315.0
305.0
333.0
413.0
535.0
635.0
639.0
494.0
257.0
162.0
239.0
345.0
368.0
328.0
301.0
307.0
327.0
331.0
316.0
316.0
326.0
323.0
321.0
325.0
329.0
332.0
327.0
330.0
326.0
334.0
342.0
341.0
329.0
339.0
351.0
348.0
345.0
357.0
359.0
362.0
367.0
373.0
379.0
378.0
381.0
389.0
400.0
394.0
389.0
389.0
394.0
388.0
370.0
360.0
347.0
345.0
333.0
326.0
322.0
309.0
308.0
310.0
306.0
307.0
312.0
308.0
309.0
300.0
310.0
315.0
314.0
309.0
300.0
308.0
322.0
327.0
306.0
315.0
320.0
328.0
320.0
326.0
334.0
331.0
325.0
318.0
311.0
316.0
325.0
329.0
322.0
323.0
328.0
323.0
317.0
326.0
330.0
325.0
321.0
318.0
318.0
328.0
327.0
317.0
315.0
316.0
312.0
318.0
318.0
336.0
332.0
318.0
321.0
334.0
329.0
325.0
333.0
340.0
342.0
341.0
330.0
324.0
327.0
328.0
322.0
309.0
309.0
320.0
321.0
326.0
324.0
308.0
310.0
327.0
332.0
318.0
322.0
317.0
314.0
325.0
354.0
428.0
549.0
647.0
639.0
466.0
232.0
162.0
244.0
345.0
362.0
331.0
305.0
308.0
324.0
324.0
320.0
317.0
321.0
318.0
320.0
330.0
326.0
331.0
337.0
336.0
337.0
331.0
331.0
336.0
334.0
348.0
355.0
346.0
340.0
354.0
361.0
357.0
357.0
365.0
377.0
379.0
376.0
383.0
389.0
381.0
381.0
388.0
388.0
381.0
375.0
357.0
344.0
330.0
324.0
321.0
314.0
302.0
301.0
304.0
306.0
292.0
283.0
293.0
306.0
304.0
292.0
297.0
304.0
302.0
303.0
310.0
304.0
305.0
305.0
308.0
310.0
302.0
297.0
308.0
314.0
309.0
314.0
320.0
315.0
311.0
313.0
313.0
311.0
313.0
308.0
309.0
318.0
311.0
312.0
317.0
309.0
311.0
322.0
316.0
325.0
322.0
324.0
322.0
311.0
319.0
336.0
328.0
322.0
332.0
334.0
347.0
341.0
320.0
314.0
312.0
315.0
311.0
301.0
301.0
306.0
312.0
314.0
308.0
309.0
317.0
310.0
301.0
311.0
330.0
320.0
306.0
327.0
381.0
487.0
591.0
643.0
563.0
326.0
178.0
204.0
316.0
365.0
333.0
287.0
305.0
323.0
308.0
292.0
313.0
321.0
310.0
310.0
300.0
314.0
329.0
316.0
335.0
346.0
333.0
326.0
334.0
344.0
332.0
344.0
341.0
353.0
361.0
356.0
355.0
362.0
365.0
353.0
379.0
386.0
377.0
378.0
386.0
391.0
405.0
398.0
377.0
374.0
366.0
348.0
336.0
346.0
307.0
300.0
333.0
327.0
306.0
295.0
284.0
318.0
322.0
296.0
315.0
311.0
282.0
293.0
335.0
332.0
307.0
314.0
317.0
313.0
305.0
337.0
301.0
286.0
337.0
335.0
320.0
324.0
288.0
305.0
340.0
307.0
292.0
312.0
314.0
309.0
331.0
315.0
312.0
303.0
295.0
297.0
290.0
268.0
293.0
344.0
349.0
317.0
289.0
285.0
296.0
342.0
357.0
332.0
299.0
301.0
333.0
328.0
314.0
303.0
294.0
312.0
324.0
293.0
285.0
309.0
319.0
293.0
288.0
307.0
319.0
296.0
298.0
314.0
300.0
298.0
312.0
336.0
380.0
480.0
590.0
607.0
503.0
275.0
121.0
187.0
344.0
371.0
328.0
327.0
328.0
325.0
321.0
306.0
311.0
327.0
330.0
330.0
325.0
332.0
331.0
316.0
327.0
317.0
336.0
343.0
323.0
330.0
350.0
354.0
353.0
340.0
351.0
360.0
375.0
387.0
387.0
371.0
370.0
403.0
412.0
377.0
368.0
407.0
426.0
405.0
387.0
383.0
366.0
369.0
368.0
345.0
325.0
322.0
323.0
320.0
311.0
306.0
312.0
326.0
306.0
292.0
326.0
332.0
316.0
314.0
309.0
307.0
313.0
328.0
334.0
326.0
322.0
328.0
326.0
318.0
317.0
320.0
313.0
314.0
332.0
326.0
324.0
323.0
321.0
317.0
288.0
313.0
359.0
343.0
302.0
320.0
333.0
325.0
314.0
308.0
302.0
334.0
340.0
325.0
316.0
330.0
344.0
354.0
332.0
306.0
322.0
337.0
319.0
326.0
317.0
306.0
330.0
325.0
310.0
301.0
310.0
316.0
325.0
325.0
305.0
309.0
328.0
324.0
343.0
412.0
539.0
647.0
639.0
474.0
247.0
168.0
248.0
346.0
357.0
327.0
306.0
305.0
320.0
328.0
324.0
322.0
322.0
318.0
310.0
310.0
338.0
346.0
333.0
325.0
330.0
332.0
333.0
326.0
337.0
350.0
346.0
338.0
338.0
335.0
346.0
363.0
377.0
379.0
363.0
373.0
386.0
382.0
378.0
371.0
390.0
397.0
381.0
360.0
352.0
374.0
365.0
325.0
299.0
311.0
324.0
317.0
312.0
303.0
305.0
288.0
294.0
317.0
318.0
303.0
306.0
308.0
300.0
307.0
311.0
308.0
308.0
305.0
310.0
310.0
304.0
315.0
318.0
316.0
313.0
318.0
313.0
313.0
320.0
314.0
309.0
317.0
325.0
320.0
312.0
305.0
312.0
311.0
332.0
334.0
322.0
308.0
326.0
335.0
331.0
334.0
331.0
326.0
321.0
314.0
308.0
310.0
308.0
311.0
314.0
310.0
301.0
307.0
318.0
316.0
305.0
292.0
315.0
323.0
322.0
315.0
325.0
383.0
482.0
596.0
647.0
581.0
351.0
174.0
189.0
305.0
365.0
342.0
297.0
299.0
338.0
331.0
317.0
322.0
321.0
315.0
325.0
325.0
331.0
331.0
322.0
307.0
321.0
354.0
349.0
321.0
330.0
346.0
348.0
339.0
338.0
345.0
348.0
356.0
379.0
385.0
374.0
369.0
378.0
387.0
389.0
376.0
357.0
396.0
415.0
396.0
377.0
354.0
342.0
348.0
339.0
323.0
313.0
309.0
302.0
324.0
325.0
305.0
306.0
309.0
310.0
314.0
308.0
304.0
300.0
321.0
320.0
305.0
295.0
320.0
332.0
317.0
301.0
314.0
329.0
318.0
315.0
317.0
305.0
329.0
329.0
319.0
311.0
315.0
321.0
328.0
312.0
301.0
320.0
325.0
327.0
308.0
308.0
332.0
332.0
320.0
310.0
329.0
332.0
333.0
325.0
316.0
333.0
352.0
342.0
320.0
303.0
289.0
318.0
344.0
319.0
296.0
308.0
324.0
314.0
304.0
314.0
319.0
318.0
328.0
331.0
309.0
302.0
321.0
383.0
487.0
598.0
648.0
587.0
368.0
194.0
185.0
