458.0
536.0
668.0
734.0
764.0
786.0
627.0
391.0
344.0
509.0
582.0
513.0
471.0
546.0
533.0
476.0
487.0
555.0
528.0
474.0
492.0
561.0
524.0
467.0
503.0
565.0
526.0
465.0
521.0
565.0
518.0
473.0
543.0
565.0
518.0
487.0
566.0
568.0
516.0
508.0
598.0
573.0
494.0
519.0
613.0
573.0
504.0
534.0
608.0
564.0
505.0
545.0
577.0
520.0
471.0
535.0
545.0
481.0
441.0
519.0
531.0
470.0
447.0
531.0
519.0
464.0
467.0
538.0
505.0
453.0
479.0
539.0
497.0
439.0
482.0
544.0
499.0
443.0
503.0
538.0
487.0
448.0
523.0
535.0
484.0
453.0
534.0
528.0
468.0
465.0
545.0
520.0
462.0
472.0
560.0
518.0
444.0
476.0
533.0
495.0
451.0
497.0
539.0
496.0
453.0
516.0
536.0
491.0
461.0
532.0
539.0
481.0
472.0
555.0
543.0
491.0
491.0
548.0
507.0
453.0
477.0
541.0
501.0
449.0
489.0
530.0
481.0
438.0
507.0
542.0
481.0
441.0
517.0
533.0
477.0
460.0
592.0
690.0
735.0
767.0
735.0
491.0
306.0
370.0
561.0
559.0
463.0
469.0
532.0
505.0
453.0
484.0
536.0
489.0
446.0
514.0
533.0
485.0
461.0
535.0
532.0
477.0
461.0
548.0
539.0
479.0
485.0
557.0
536.0
477.0
503.0
576.0
542.0
491.0
540.0
594.0
545.0
498.0
561.0
582.0
555.0
515.0
571.0
583.0
533.0
504.0
573.0
550.0
482.0
474.0
545.0
511.0
449.0
465.0
530.0
496.0
447.0
480.0
534.0
486.0
434.0
489.0
537.0
496.0
433.0
506.0
528.0
469.0
444.0
529.0
525.0
467.0
457.0
540.0
520.0
457.0
472.0
548.0
517.0
452.0
474.0
543.0
507.0
450.0
490.0
543.0
506.0
448.0
507.0
547.0
498.0
451.0
519.0
528.0
473.0
452.0
545.0
530.0
468.0
460.0
535.0
519.0
458.0
473.0
547.0
518.0
459.0
498.0
553.0
516.0
469.0
529.0
555.0
495.0
451.0
535.0
536.0
462.0
440.0
537.0
541.0
461.0
442.0
540.0
525.0
452.0
464.0
545.0
519.0
452.0
477.0
551.0
564.0
615.0
767.0
859.0
695.0
413.0
367.0
458.0
507.0
504.0
544.0
519.0
476.0
476.0
551.0
523.0
463.0
463.0
554.0
534.0
466.0
483.0
556.0
522.0
468.0
509.0
563.0
517.0
470.0
531.0
562.0
521.0
481.0
551.0
563.0
514.0
497.0
585.0
569.0
508.0
504.0
606.0
591.0
519.0
521.0
600.0
581.0
521.0
540.0
591.0
546.0
485.0
533.0
560.0
496.0
448.0
517.0
536.0
474.0
442.0
530.0
523.0
459.0
453.0
527.0
514.0
454.0
464.0
536.0
515.0
456.0
476.0
546.0
513.0
454.0
496.0
545.0
498.0
452.0
519.0
543.0
494.0
445.0
525.0
545.0
489.0
458.0
543.0
536.0
479.0
467.0
547.0
525.0
459.0
478.0
547.0
505.0
462.0
502.0
550.0
497.0
450.0
509.0
556.0
504.0
452.0
523.0
546.0
491.0
458.0
540.0
542.0
487.0
475.0
561.0
559.0
504.0
493.0
551.0
519.0
457.0
479.0
538.0
503.0
452.0
494.0
542.0
505.0
459.0
517.0
537.0
487.0
454.0
535.0
535.0
476.0
477.0
624.0
719.0
745.0
756.0
713.0
477.0
312.0
410.0
596.0
565.0
447.0
473.0
553.0
519.0
453.0
511.0
549.0
498.0
459.0
536.0
550.0
489.0
456.0
551.0
553.0
491.0
479.0
558.0
544.0
491.0
503.0
576.0
545.0
491.0
524.0
583.0
542.0
497.0
540.0
598.0
554.0
502.0
573.0
606.0
552.0
516.0
594.0
598.0
533.0
513.0
592.0
569.0
493.0
483.0
560.0
528.0
456.0
483.0
552.0
512.0
457.0
489.0
552.0
508.0
442.0
505.0
544.0
501.0
457.0
534.0
543.0
485.0
460.0
548.0
540.0
479.0
475.0
555.0
531.0
474.0
482.0
557.0
530.0
467.0
499.0
552.0
517.0
470.0
511.0
553.0
523.0
467.0
514.0
539.0
497.0
477.0
547.0
541.0
477.0
465.0
557.0
544.0
475.0
471.0
555.0
534.0
471.0
493.0
567.0
535.0
485.0
529.0
568.0
502.0
450.0
524.0
554.0
499.0
447.0
517.0
530.0
479.0
455.0
535.0
530.0
476.0
472.0
551.0
526.0
464.0
472.0
575.0
634.0
686.0
792.0
819.0
587.0
353.0
393.0
513.0
517.0
479.0
532.0
539.0
497.0
471.0
531.0
520.0
475.0
474.0
548.0
531.0
478.0
483.0
556.0
533.0
474.0
497.0
560.0
523.0
462.0
512.0
572.0
523.0
478.0
549.0
578.0
521.0
486.0
568.0
572.0
513.0
493.0
583.0
584.0
517.0
508.0
607.0
584.0
513.0
524.0
591.0
544.0
476.0
512.0
556.0
505.0
449.0
499.0
538.0
495.0
446.0
508.0
525.0
477.0
443.0
514.0
524.0
475.0
451.0
524.0
511.0
462.0
477.0
544.0
503.0
445.0
476.0
546.0
504.0
438.0
490.0
546.0
496.0
445.0
511.0
529.0
483.0
447.0
527.0
524.0
466.0
456.0
541.0
525.0
459.0
457.0
540.0
523.0
451.0
460.0
535.0
511.0
445.0
477.0
540.0
510.0
445.0
498.0
535.0
490.0
454.0
537.0
555.0
487.0
445.0
519.0
526.0
458.0
442.0
525.0
508.0
448.0
458.0
530.0
497.0
441.0
466.0
528.0
