361.0
334.0
288.0
312.0
357.0
330.0
292.0
338.0
361.0
332.0
308.0
356.0
348.0
313.0
307.0
373.0
381.0
318.0
315.0
362.0
352.0
307.0
337.0
386.0
357.0
297.0
327.0
385.0
349.0
316.0
344.0
379.0
339.0
313.0
351.0
376.0
320.0
308.0
362.0
364.0
291.0
284.0
348.0
356.0
297.0
300.0
349.0
332.0
277.0
320.0
368.0
328.0
298.0
334.0
356.0
325.0
299.0
344.0
364.0
324.0
311.0
348.0
352.0
317.0
323.0
363.0
367.0
310.0
306.0
359.0
358.0
297.0
338.0
380.0
348.0
290.0
316.0
354.0
332.0
304.0
348.0
370.0
327.0
291.0
342.0
359.0
311.0
306.0
361.0
364.0
301.0
301.0
350.0
364.0
309.0
312.0
355.0
336.0
289.0
335.0
377.0
334.0
290.0
337.0
365.0
321.0
295.0
343.0
375.0
311.0
290.0
359.0
370.0
311.0
294.0
349.0
354.0
303.0
312.0
367.0
360.0
301.0
321.0
382.0
361.0
300.0
337.0
393.0
364.0
315.0
355.0
381.0
324.0
292.0
352.0
375.0
305.0
278.0
358.0
374.0
299.0
287.0
356.0
358.0
300.0
317.0
373.0
340.0
285.0
320.0
376.0
345.0
329.0
418.0
559.0
653.0
689.0
664.0
414.0
138.0
151.0
369.0
446.0
330.0
266.0
322.0
350.0
310.0
307.0
348.0
344.0
296.0
306.0
364.0
359.0
313.0
350.0
370.0
347.0
319.0
370.0
400.0
360.0
324.0
380.0
393.0
363.0
365.0
416.0
404.0
348.0
354.0
413.0
396.0
344.0
353.0
410.0
390.0
347.0
362.0
394.0
362.0
323.0
371.0
390.0
346.0
331.0
368.0
363.0
321.0
315.0
354.0
360.0
326.0
305.0
333.0
342.0
298.0
310.0
364.0
342.0
293.0
321.0
358.0
326.0
303.0
339.0
370.0
316.0
282.0
342.0
362.0
323.0
305.0
344.0
353.0
325.0
311.0
355.0
356.0
312.0
311.0
343.0
329.0
294.0
323.0
363.0
335.0
290.0
320.0
358.0
327.0
276.0
322.0
367.0
314.0
276.0
331.0
361.0
301.0
295.0
346.0
340.0
293.0
307.0
353.0
336.0
286.0
322.0
351.0
325.0
286.0
320.0
351.0
321.0
295.0
329.0
363.0
321.0
280.0
351.0
375.0
313.0
275.0
345.0
356.0
296.0
301.0
359.0
359.0
284.0
286.0
350.0
356.0
312.0
337.0
369.0
349.0
317.0
341.0
384.0
340.0
301.0
346.0
364.0
304.0
277.0
320.0
352.0
306.0
300.0
349.0
349.0
288.0
306.0
358.0
339.0
289.0
327.0
370.0
340.0
279.0
328.0
399.0
419.0
482.0
673.0
668.0
640.0
367.0
152.0
210.0
315.0
358.0
373.0
342.0
276.0
297.0
351.0
337.0
294.0
317.0
348.0
324.0
281.0
318.0
368.0
332.0
289.0
326.0
369.0
331.0
291.0
349.0
377.0
312.0
288.0
357.0
374.0
302.0
292.0
362.0
362.0
308.0
320.0
375.0
363.0
311.0
351.0
399.0
354.0
305.0
350.0
375.0
336.0
309.0
369.0
396.0
345.0
306.0
343.0
355.0
296.0
285.0
344.0
343.0
283.0
295.0
348.0
336.0
271.0
288.0
358.0
322.0
269.0
301.0
370.0
336.0
278.0
318.0
358.0
325.0
286.0
346.0
352.0
294.0
293.0
370.0
384.0
311.0
292.0
365.0
359.0
303.0
312.0
363.0
352.0
302.0
316.0
349.0
332.0
298.0
340.0
361.0
305.0
274.0
343.0
362.0
304.0
294.0
349.0
355.0
300.0
295.0
353.0
351.0
285.0
296.0
377.0
356.0
283.0
311.0
346.0
326.0
286.0
335.0
362.0
318.0
283.0
326.0
363.0
318.0
293.0
346.0
362.0
300.0
292.0
353.0
361.0
300.0
302.0
357.0
343.0
292.0
332.0
356.0
326.0
296.0
340.0
380.0
345.0
303.0
357.0
382.0
340.0
312.0
360.0
359.0
306.0
294.0
351.0
356.0
301.0
288.0
334.0
346.0
303.0
304.0
344.0
341.0
297.0
320.0
352.0
330.0
289.0
323.0
374.0
367.0
380.0
521.0
668.0
670.0
640.0
396.0
166.0
163.0
316.0
412.0
358.0
260.0
269.0
353.0
343.0
283.0
295.0
336.0
325.0
288.0
313.0
358.0
336.0
294.0
331.0
350.0
319.0
305.0
354.0
376.0
315.0
313.0
364.0
369.0
316.0
312.0
368.0
364.0
318.0
332.0
373.0
355.0
319.0
338.0
367.0
350.0
306.0
336.0
378.0
356.0
334.0
344.0
362.0
325.0
322.0
360.0
371.0
312.0
303.0
363.0
342.0
291.0
309.0
360.0
344.0
292.0
319.0
354.0
344.0
301.0
316.0
360.0
332.0
300.0
340.0
355.0
316.0
308.0
362.0
372.0
312.0
302.0
344.0
355.0
309.0
321.0
371.0
356.0
302.0
316.0
357.0
337.0
296.0
322.0
368.0
345.0
301.0
337.0
361.0
305.0
297.0
348.0
369.0
312.0
296.0
352.0
371.0
304.0
294.0
353.0
350.0
297.0
305.0
348.0
347.0
318.0
325.0
343.0
326.0
308.0
344.0
359.0
314.0
288.0
347.0
368.0
315.0
301.0
366.0
371.0
322.0
295.0
340.0
360.0
316.0
314.0
354.0
352.0
305.0
327.0
379.0
365.0
313.0
344.0
398.0
354.0
311.0
353.0
394.0
329.0
297.0
328.0
353.0
312.0
304.0
358.0
350.0
304.0
318.0
362.0
348.0
294.0
320.0
375.0
366.0
309.0
307.0
354.0
