317.0
319.0
330.0
327.0
321.0
318.0
320.0
328.0
321.0
314.0
313.0
326.0
328.0
315.0
318.0
328.0
333.0
325.0
322.0
324.0
327.0
325.0
320.0
319.0
325.0
322.0
316.0
323.0
324.0
321.0
321.0
324.0
326.0
320.0
320.0
326.0
326.0
326.0
322.0
320.0
330.0
337.0
337.0
330.0
337.0
347.0
348.0
334.0
319.0
321.0
324.0
314.0
304.0
315.0
320.0
325.0
317.0
313.0
315.0
322.0
324.0
321.0
322.0
322.0
320.0
328.0
361.0
456.0
576.0
646.0
597.0
388.0
195.0
181.0
298.0
369.0
342.0
307.0
312.0
320.0
322.0
330.0
327.0
312.0
313.0
326.0
334.0
323.0
321.0
329.0
335.0
336.0
333.0
331.0
334.0
339.0
341.0
337.0
346.0
350.0
348.0
353.0
356.0
363.0
371.0
374.0
374.0
378.0
386.0
394.0
396.0
391.0
390.0
394.0
392.0
387.0
380.0
369.0
349.0
334.0
329.0
323.0
322.0
313.0
312.0
300.0
293.0
311.0
317.0
307.0
295.0
301.0
308.0
308.0
304.0
308.0
308.0
313.0
316.0
316.0
308.0
306.0
310.0
318.0
320.0
317.0
317.0
314.0
313.0
315.0
317.0
315.0
314.0
322.0
317.0
314.0
314.0
317.0
318.0
317.0
314.0
316.0
320.0
316.0
314.0
315.0
316.0
311.0
311.0
318.0
319.0
319.0
318.0
318.0
321.0
315.0
317.0
317.0
322.0
327.0
323.0
314.0
314.0
318.0
321.0
317.0
329.0
333.0
328.0
326.0
334.0
343.0
346.0
336.0
321.0
317.0
314.0
316.0
313.0
311.0
309.0
312.0
318.0
322.0
316.0
309.0
310.0
318.0
324.0
322.0
315.0
311.0
329.0
382.0
475.0
592.0
648.0
575.0
340.0
167.0
195.0
320.0
373.0
341.0
312.0
307.0
314.0
326.0
326.0
323.0
321.0
322.0
326.0
318.0
321.0
324.0
327.0
330.0
333.0
333.0
338.0
333.0
333.0
338.0
342.0
349.0
350.0
351.0
353.0
354.0
367.0
369.0
371.0
375.0
382.0
391.0
396.0
390.0
393.0
395.0
393.0
393.0
389.0
378.0
365.0
352.0
334.0
326.0
331.0
328.0
307.0
296.0
302.0
310.0
311.0
310.0
304.0
299.0
301.0
310.0
317.0
312.0
301.0
302.0
311.0
317.0
308.0
304.0
314.0
317.0
312.0
312.0
317.0
317.0
314.0
319.0
320.0
316.0
311.0
316.0
317.0
317.0
319.0
318.0
317.0
314.0
316.0
317.0
317.0
316.0
315.0
326.0
320.0
313.0
315.0
327.0
326.0
317.0
316.0
323.0
331.0
335.0
329.0
325.0
329.0
339.0
350.0
347.0
333.0
319.0
322.0
330.0
322.0
311.0
313.0
326.0
328.0
315.0
308.0
322.0
322.0
322.0
328.0
325.0
329.0
326.0
316.0
329.0
382.0
494.0
619.0
647.0
556.0
330.0
184.0
215.0
315.0
359.0
340.0
315.0
316.0
322.0
326.0
323.0
323.0
325.0
322.0
321.0
329.0
333.0
331.0
331.0
331.0
340.0
340.0
331.0
334.0
343.0
348.0
345.0
347.0
350.0
354.0
355.0
355.0
365.0
374.0
375.0
378.0
389.0
395.0
391.0
388.0
391.0
395.0
399.0
395.0
388.0
375.0
355.0
344.0
339.0
330.0
328.0
324.0
320.0
313.0
307.0
304.0
308.0
313.0
315.0
309.0
304.0
306.0
302.0
313.0
318.0
316.0
316.0
315.0
310.0
310.0
312.0
315.0
316.0
320.0
324.0
316.0
316.0
319.0
322.0
326.0
323.0
318.0
315.0
316.0
311.0
315.0
319.0
322.0
318.0
313.0
316.0
320.0
324.0
320.0
316.0
323.0
325.0
321.0
311.0
309.0
320.0
329.0
320.0
310.0
314.0
325.0
323.0
320.0
324.0
330.0
327.0
325.0
332.0
345.0
347.0
335.0
320.0
314.0
311.0
318.0
323.0
317.0
306.0
305.0
315.0
321.0
315.0
311.0
317.0
325.0
319.0
311.0
312.0
317.0
329.0
361.0
452.0
579.0
648.0
611.0
403.0
196.0
171.0
285.0
371.0
356.0
310.0
301.0
318.0
329.0
317.0
308.0
316.0
322.0
323.0
319.0
320.0
328.0
326.0
324.0
327.0
330.0
333.0
335.0
334.0
338.0
341.0
344.0
342.0
347.0
353.0
357.0
357.0
364.0
372.0
375.0
380.0
386.0
393.0
394.0
389.0
389.0
395.0
393.0
382.0
370.0
365.0
353.0
339.0
332.0
325.0
315.0
314.0
312.0
314.0
307.0
297.0
301.0
305.0
305.0
305.0
305.0
307.0
311.0
305.0
305.0
313.0
312.0
307.0
306.0
314.0
316.0
318.0
317.0
314.0
315.0
310.0
316.0
319.0
322.0
318.0
310.0
308.0
312.0
319.0
327.0
313.0
306.0
313.0
317.0
321.0
314.0
312.0
318.0
318.0
308.0
311.0
315.0
321.0
317.0
313.0
315.0
314.0
320.0
320.0
319.0
323.0
320.0
324.0
332.0
339.0
343.0
340.0
328.0
312.0
314.0
318.0
314.0
309.0
307.0
308.0
312.0
311.0
313.0
312.0
313.0
315.0
318.0
314.0
316.0
307.0
306.0
334.0
408.0
524.0
628.0
644.0
505.0
266.0
159.0
232.0
344.0
367.0
322.0
294.0
305.0
322.0
324.0
315.0
311.0
318.0
321.0
321.0
325.0
324.0
322.0
327.0
332.0
332.0
326.0
327.0
332.0
336.0
337.0
342.0
344.0
344.0
345.0
351.0
363.0
368.0
368.0
371.0
368.0
377.0
