77.0
98.0
400.0
574.0
138.0
65.0
365.0
566.0
139.0
80.0
367.0
579.0
151.0
57.0
348.0
594.0
190.0
60.0
332.0
605.0
213.0
68.0
322.0
609.0
258.0
102.0
413.0
600.0
217.0
153.0
514.0
559.0
120.0
157.0
548.0
498.0
112.0
215.0
596.0
425.0
66.0
172.0
609.0
496.0
103.0
229.0
601.0
379.0
95.0
253.0
627.0
380.0
71.0
217.0
627.0
446.0
85.0
190.0
606.0
469.0
99.0
171.0
587.0
499.0
191.0
460.0
671.0
660.0
401.0
235.0
306.0
129.0
156.0
490.0
618.0
162.0
81.0
395.0
667.0
279.0
111.0
456.0
642.0
210.0
138.0
557.0
611.0
171.0
175.0
582.0
540.0
156.0
257.0
642.0
456.0
137.0
329.0
667.0
399.0
168.0
422.0
668.0
326.0
178.0
520.0
661.0
263.0
207.0
592.0
634.0
229.0
232.0
618.0
571.0
157.0
252.0
665.0
516.0
152.0
299.0
666.0
413.0
124.0
389.0
668.0
332.0
145.0
466.0
666.0
297.0
191.0
558.0
638.0
240.0
244.0
615.0
556.0
134.0
256.0
670.0
564.0
203.0
313.0
664.0
423.0
127.0
370.0
668.0
355.0
138.0
447.0
668.0
344.0
214.0
534.0
657.0
262.0
219.0
614.0
620.0
236.0
247.0
613.0
518.0
147.0
275.0
666.0
503.0
178.0
368.0
668.0
424.0
184.0
414.0
667.0
357.0
192.0
489.0
651.0
258.0
173.0
538.0
626.0
210.0
192.0
591.0
572.0
172.0
226.0
605.0
506.0
184.0
325.0
659.0
399.0
168.0
424.0
668.0
494.0
462.0
670.0
669.0
395.0
155.0
373.0
520.0
247.0
302.0
609.0
531.0
150.0
287.0
668.0
491.0
134.0
305.0
668.0
446.0
194.0
420.0
667.0
362.0
193.0
494.0
666.0
338.0
214.0
531.0
652.0
287.0
259.0
603.0
625.0
269.0
290.0
646.0
559.0
221.0
337.0
668.0
503.0
215.0
378.0
668.0
403.0
196.0
453.0
662.0
291.0
192.0
520.0
626.0
171.0
145.0
578.0
603.0
162.0
178.0
595.0
533.0
118.0
232.0
636.0
460.0
101.0
295.0
654.0
361.0
91.0
277.0
667.0
451.0
152.0
338.0
635.0
321.0
140.0
435.0
619.0
216.0
156.0
537.0
635.0
210.0
148.0
511.0
565.0
167.0
222.0
582.0
484.0
128.0
243.0
630.0
429.0
121.0
306.0
634.0
342.0
114.0
395.0
662.0
273.0
131.0
455.0
610.0
204.0
162.0
561.0
575.0
139.0
190.0
604.0
510.0
93.0
146.0
553.0
533.0
126.0
218.0
590.0
426.0
130.0
333.0
664.0
366.0
106.0
369.0
663.0
289.0
75.0
343.0
668.0
534.0
449.0
668.0
667.0
316.0
70.0
252.0
547.0
286.0
187.0
487.0
611.0
207.0
175.0
558.0
593.0
154.0
199.0
623.0
537.0
139.0
232.0
642.0
468.0
125.0
311.0
657.0
360.0
125.0
407.0
662.0
270.0
103.0
460.0
660.0
253.0
180.0
545.0
591.0
146.0
203.0
643.0
550.0
135.0
241.0
638.0
459.0
91.0
176.0
599.0
477.0
96.0
143.0
513.0
468.0
141.0
242.0
560.0
361.0
122.0
322.0
617.0
291.0
65.0
277.0
661.0
366.0
82.0
241.0
623.0
427.0
147.0
358.0
644.0
329.0
154.0
445.0
661.0
276.0
170.0
519.0
624.0
203.0
185.0
583.0
573.0
151.0
251.0
656.0
500.0
130.0
281.0
642.0
399.0
97.0
252.0
623.0
380.0
19.0
150.0
567.0
419.0
75.0
145.0
536.0
409.0
80.0
163.0
539.0
467.0
114.0
232.0
573.0
297.0
0.0
82.0
444.0
495.0
30.0
30.0
320.0
570.0
155.0
8.0
156.0
505.0
240.0
0.0
85.0
412.0
409.0
23.0
41.0
354.0
619.0
294.0
336.0
660.0
455.0
0.0
0.0
0.0
95.0
264.0
76.0
52.0
243.0
457.0
127.0
0.0
94.0
364.0
393.0
42.0
41.0
330.0
487.0
54.0
0.0
157.0
552.0
328.0
0.0
47.0
412.0
562.0
120.0
77.0
413.0
630.0
124.0
79.0
458.0
654.0
237.0
162.0
517.0
599.0
195.0
221.0
627.0
562.0
164.0
256.0
668.0
526.0
192.0
312.0
666.0
456.0
212.0
451.0
664.0
308.0
204.0
551.0
666.0
335.0
245.0
642.0
665.0
349.0
327.0
668.0
643.0
363.0
404.0
668.0
589.0
352.0
545.0
669.0
564.0
372.0
586.0
669.0
569.0
407.0
600.0
668.0
462.0
418.0
669.0
668.0
528.0
517.0
669.0
647.0
435.0
543.0
669.0
665.0
549.0
605.0
669.0
632.0
533.0
667.0
669.0
629.0
573.0
669.0
668.0
535.0
505.0
669.0
668.0
572.0
573.0
669.0
667.0
574.0
620.0
669.0
661.0
531.0
631.0
669.0
644.0
536.0
668.0
670.0
669.0
670.0
671.0
670.0
669.0
634.0
607.0
607.0
376.0
498.0
670.0
669.0
566.0
554.0
669.0
638.0
422.0
543.0
670.0
638.0
465.0
580.0
669.0
545.0
387.0
597.0
669.0
572.0
472.0
647.0
668.0
477.0
447.0
669.0
664.0
428.0
462.0
669.0
644.0
398.0
466.0
669.0
591.0
342.0
474.0
669.0
548.0
327.0
505.0
668.0
409.0
233.0
497.0
665.0
294.0
180.0
561.0
645.0
219.0
183.0
593.0
597.0
164.0
223.0
604.0
507.0
148.0
282.0
646.0
453.0
84.0
184.0
626.0
465.0
79.0
210.0
587.0
428.0
68.0
175.0
593.0
456.0
43.0
104.0
520.0
490.0
84.0
113.0
519.0
406.0
32.0
140.0
475.0
454.0
37.0
106.0
409.0
424.0
35.0
41.0
290.0
532.0
145.0
0.0
126.0
