330.0
323.0
307.0
306.0
312.0
319.0
309.0
317.0
320.0
307.0
302.0
314.0
327.0
323.0
309.0
306.0
318.0
316.0
323.0
319.0
311.0
315.0
329.0
327.0
308.0
302.0
311.0
322.0
310.0
304.0
322.0
326.0
318.0
310.0
314.0
324.0
316.0
314.0
317.0
314.0
320.0
320.0
319.0
302.0
316.0
326.0
322.0
328.0
332.0
332.0
324.0
316.0
306.0
321.0
330.0
312.0
293.0
308.0
311.0
317.0
324.0
310.0
312.0
317.0
319.0
313.0
310.0
314.0
323.0
332.0
373.0
474.0
618.0
649.0
620.0
404.0
183.0
164.0
297.0
392.0
365.0
304.0
294.0
316.0
330.0
330.0
332.0
320.0
311.0
320.0
327.0
335.0
333.0
331.0
329.0
325.0
328.0
340.0
348.0
342.0
334.0
335.0
353.0
355.0
358.0
364.0
360.0
370.0
379.0
375.0
379.0
387.0
391.0
396.0
391.0
384.0
395.0
397.0
392.0
378.0
358.0
338.0
335.0
333.0
318.0
305.0
304.0
311.0
309.0
308.0
299.0
304.0
309.0
304.0
297.0
297.0
302.0
304.0
309.0
309.0
307.0
303.0
304.0
312.0
318.0
311.0
296.0
307.0
327.0
321.0
308.0
311.0
308.0
307.0
311.0
325.0
326.0
317.0
312.0
313.0
299.0
318.0
329.0
314.0
302.0
311.0
322.0
314.0
310.0
312.0
314.0
317.0
317.0
316.0
307.0
312.0
320.0
316.0
301.0
309.0
329.0
320.0
315.0
308.0
309.0
320.0
328.0
331.0
318.0
315.0
331.0
322.0
314.0
319.0
316.0
304.0
297.0
303.0
320.0
322.0
316.0
305.0
310.0
319.0
322.0
318.0
315.0
311.0
312.0
337.0
416.0
544.0
644.0
648.0
561.0
307.0
152.0
213.0
345.0
380.0
328.0
299.0
311.0
324.0
330.0
330.0
324.0
313.0
312.0
317.0
328.0
336.0
335.0
325.0
314.0
331.0
350.0
340.0
334.0
337.0
346.0
351.0
348.0
354.0
356.0
361.0
372.0
378.0
374.0
372.0
378.0
391.0
393.0
397.0
390.0
395.0
398.0
393.0
384.0
375.0
356.0
342.0
328.0
312.0
307.0
321.0
314.0
310.0
310.0
297.0
290.0
299.0
308.0
318.0
314.0
295.0
292.0
304.0
320.0
309.0
301.0
310.0
315.0
309.0
305.0
316.0
313.0
316.0
316.0
321.0
319.0
308.0
307.0
330.0
322.0
302.0
305.0
323.0
324.0
315.0
305.0
318.0
326.0
315.0
303.0
314.0
323.0
314.0
306.0
307.0
326.0
327.0
317.0
309.0
307.0
314.0
321.0
329.0
322.0
318.0
314.0
310.0
312.0
326.0
322.0
308.0
310.0
322.0
333.0
336.0
331.0
322.0
323.0
316.0
325.0
326.0
309.0
306.0
307.0
307.0
314.0
315.0
322.0
322.0
314.0
312.0
319.0
328.0
320.0
309.0
327.0
367.0
455.0
590.0
650.0
633.0
445.0
215.0
170.0
276.0
344.0
344.0
333.0
325.0
326.0
330.0
320.0
315.0
336.0
333.0
324.0
324.0
318.0
331.0
344.0
345.0
333.0
326.0
345.0
352.0
350.0
347.0
336.0
346.0
362.0
363.0
365.0
369.0
372.0
379.0
382.0
375.0
385.0
400.0
395.0
390.0
395.0
399.0
395.0
397.0
381.0
359.0
338.0
343.0
352.0
337.0
317.0
310.0
312.0
312.0
300.0
299.0
310.0
315.0
314.0
309.0
302.0
304.0
306.0
304.0
319.0
324.0
308.0
303.0
312.0
324.0
311.0
311.0
324.0
326.0
313.0
311.0
320.0
316.0
324.0
322.0
317.0
319.0
323.0
327.0
325.0
308.0
313.0
332.0
328.0
316.0
320.0
319.0
303.0
310.0
332.0
333.0
317.0
314.0
313.0
318.0
325.0
324.0
329.0
320.0
316.0
318.0
324.0
327.0
328.0
320.0
308.0
318.0
329.0
326.0
327.0
337.0
340.0
329.0
318.0
310.0
319.0
333.0
320.0
307.0
302.0
312.0
311.0
319.0
325.0
317.0
315.0
326.0
331.0
320.0
306.0
315.0
352.0
408.0
519.0
645.0
648.0
574.0
322.0
153.0
210.0
333.0
369.0
340.0
313.0
313.0
328.0
331.0
327.0
325.0
322.0
325.0
333.0
333.0
328.0
329.0
328.0
330.0
324.0
333.0
358.0
350.0
339.0
350.0
352.0
350.0
344.0
353.0
370.0
364.0
362.0
369.0
382.0
386.0
393.0
388.0
390.0
397.0
398.0
398.0
389.0
389.0
372.0
361.0
344.0
329.0
336.0
319.0
313.0
317.0
314.0
301.0
289.0
305.0
316.0
299.0
306.0
317.0
307.0
295.0
299.0
307.0
308.0
308.0
316.0
320.0
311.0
300.0
311.0
316.0
315.0
314.0
307.0
311.0
320.0
328.0
314.0
309.0
319.0
320.0
309.0
308.0
327.0
328.0
303.0
294.0
316.0
327.0
328.0
317.0
306.0
297.0
307.0
333.0
329.0
310.0
305.0
325.0
324.0
304.0
311.0
336.0
326.0
315.0
315.0
316.0
304.0
314.0
333.0
324.0
310.0
323.0
330.0
313.0
307.0
329.0
342.0
331.0
329.0
329.0
319.0
315.0
314.0
323.0
322.0
306.0
304.0
313.0
323.0
324.0
315.0
316.0
325.0
316.0
322.0
327.0
325.0
316.0
343.0
416.0
540.0
649.0
648.0
574.0
330.0
163.0
208.0
333.0
380.0
346.0
314.0
312.0
315.0
331.0
330.0
330.0
328.0
320.0
330.0
332.0
330.0
336.0
341.0
333.0
328.0
330.0
